----time, Mpow,     accX,     accY,     accZ,    gyroX,    gyroY,    gyroZ

     6.5,  512,    -3.54,     0.16,   -10.20,     0.20,     0.17,     0.50

    12.1,  512,    -3.50,     0.16,    -9.92,     0.14,     0.13,     0.54

   18.36,  512,    -3.51,     0.28,    -9.70,      0.5,      0.4,     0.60

   24.80,  512,    -3.54,     0.34,    -9.57,      0.3,      0.4,     0.66

   31.32,  512,    -3.70,     0.41,    -9.59,     0.12,     0.14,     0.73

    38.0,  512,    -3.49,     0.53,    -9.75,     0.19,     0.26,     0.79

   44.60,  512,    -2.81,     0.36,    -10.7,     0.19,     0.26,     0.83

   51.21,  512,    -2.22,     0.19,    -9.12,     0.12,     0.18,     0.85

   57.80,  512,    -4.18,     1.28,    -8.95,     0.34,     0.23,     0.89

   64.48,  512,    -3.58,     0.26,   -11.50,     0.21,     0.27,     0.90

    71.1,  512,     0.92,     0.67,    -8.92,     0.43,     0.21,     0.87

   77.51,  512,     -5.0,     4.14,     -9.7,     0.56,     0.12,     0.96

   84.19,  512,     0.73,    -2.31,   -11.99,     0.15,      0.6,     0.86

   90.80,  512,    -3.87,     2.17,    -8.55,     0.12,     0.29,    -1.13

   97.51,  512,    -1.56,    -1.11,   -12.53,     0.30,     0.30,     0.76

  104.16,  512,    -3.43,     3.19,    -8.83,     0.38,     0.49,    -1.42

  110.79,  512,     -1.3,     0.60,   -10.23,     0.48,     0.55,     0.58

  117.30,  512,    -3.44,     3.95,   -10.48,     0.37,     0.69,    -1.55

  123.98,  512,    -1.79,    -5.77,    -7.43,     0.13,     0.53,     0.51

  130.59,  512,    -1.92,      6.0,   -12.67,      0.5,     0.62,    -1.53

  137.18,  512,    -4.99,     -7.9,    -5.72,     0.47,     0.18,     0.71

  143.72,  512,     2.40,     7.13,   -10.59,     0.67,     0.33,    -1.37

  150.38,  512,    -9.18,    -5.14,    -8.32,     0.71,     0.47,     -1.1

  156.99,  512,     6.46,     2.77,    -5.55,     0.50,     0.22,    -1.13

  163.66,  512,    -8.37,     0.40,   -18.59,      0.7,     0.69,    -1.11

  170.21,  512,    -1.32,     0.17,     -1.2,      0.5,      0.6,    -1.22

  176.71,  512,     4.76,     0.66,   -15.99,      0.5,      0.7,     -1.6

  183.23,  512,     -8.5,     6.54,    -7.23,     0.89,     0.30,    -1.13

  189.92,  512,     1.61,    -5.27,    -7.52,    -1.30,      0.9,    -1.51

  196.68,  512,     0.31,     4.23,   -12.76,     1.18,     0.41,     0.51

  203.21,  512,    -4.26,      5.3,    -8.25,     0.58,     0.67,    -1.91

  209.79,  512,     0.95,   -10.19,    -8.42,     0.59,     0.79,     0.70

  216.33,  512,     0.31,    11.25,   -10.39,     1.24,     0.12,    -1.61

   223.8,  512,    -7.25,    -6.26,    -9.95,    -1.51,     0.49,    -1.54

  229.75,  512,     2.42,     0.82,    -4.12,     1.15,     0.55,     0.78

  236.21,  512,    -5.27,     3.20,   -15.79,     0.42,      1.4,    -1.79

  242.90,  512,    -5.96,    -5.13,    -2.38,      0.3,     0.15,     0.93

  249.41,  512,     3.92,     5.77,   -15.49,     0.45,     0.40,    -1.63

   256.9,  512,   -11.84,     0.96,   -10.89,      0.4,     0.59,    -1.26

  262.63,  512,     2.58,     0.95,     -2.6,      0.3,     0.11,    -1.65

  269.14,  512,    -3.36,     0.91,   -18.44,     0.30,     0.30,    -1.29

  275.81,  512,    -8.13,     5.32,    -3.96,     0.26,     0.30,    -1.73

  282.48,  512,      4.0,    -5.95,    -8.82,    -1.11,     0.16,    -1.37

  289.11,  512,    -4.48,     6.57,   -11.45,     1.21,     0.17,    -1.35

  295.78,  512,    -4.32,     2.42,    -6.72,    -1.19,     0.48,    -2.27

  302.39,  512,     0.49,    -4.34,    -9.75,     0.17,     0.61,     0.91

  308.80,  512,    -1.93,    11.26,   -10.19,     0.65,     0.51,    -1.99

  315.50,  512,    -5.14,   -10.36,    -9.54,    -1.60,      0.9,    -1.59

  322.19,  512,     3.37,     7.49,    -8.60,     1.35,     0.41,    -1.23

  328.78,  512,    -5.85,     1.12,   -14.42,    -1.43,     0.94,    -2.14

  335.40,  512,     1.42,     0.83,    -3.87,     0.26,     0.66,     -1.6

  341.89,  512,     1.17,     7.13,   -16.24,      0.3,     0.64,     -2.8

  348.42,  512,    -7.51,    -4.94,    -7.89,     0.57,      0.4,    -1.35

   355.3,  512,     7.56,     4.87,   -10.44,     0.31,      0.9,    -1.77

  361.70,  512,    -7.63,     1.32,   -17.45,     0.19,     0.65,    -1.54

  368.32,  512,     1.93,     0.90,    -1.29,     0.15,     0.13,    -1.77

  374.81,  512,     3.29,     0.53,   -18.25,     0.19,      0.4,    -1.60

  381.42,  512,    -7.97,     6.28,    -9.54,     0.68,     0.22,    -1.64

  388.11,  512,     3.38,    -4.98,    -9.11,    -1.35,      0.1,     -2.9

  394.72,  512,     0.35,     1.95,   -13.66,     0.98,     0.51,     -1.9

  401.31,  512,    -3.35,     3.68,    -8.26,     0.39,     0.54,    -2.40

  407.90,  512,     0.52,    -7.99,    -9.90,     0.76,     0.77,    -1.31

  414.44,  512,     1.27,    10.99,    -9.80,     1.26,      0.7,    -1.84

  421.12,  512,     -5.7,    -7.46,    -9.71,    -1.60,     0.45,     -2.9

  427.74,  512,     3.81,     3.50,    -6.44,     1.19,     0.70,    -1.29

  434.38,  512,     -2.3,     1.15,   -15.25,     0.64,     0.90,    -2.35

  440.93,  512,    -1.56,    -4.26,     -3.5,      0.4,     0.54,    -1.32

  447.51,  512,     6.16,     7.41,   -13.57,     0.34,     0.34,    -2.14

  454.11,  512,     -9.7,    -3.87,    -7.23,     0.54,      0.5,    -1.68

  460.64,  512,      8.0,     2.43,    -5.61,     0.23,     0.30,    -1.91

  467.25,  512,    -5.25,     1.32,   -19.20,      0.8,     0.52,    -1.75

  473.92,  512,     -2.1,     1.71,    -1.28,      0.3,      0.9,    -1.94

  480.43,  512,     6.69,    -3.63,   -13.99,     0.41,      0.3,    -1.81

  487.13,  512,    -5.67,     7.95,    -8.84,     1.28,     0.21,    -1.55

  493.82,  512,     0.74,    -3.17,    -7.19,    -1.18,     0.45,    -2.39

  500.41,  512,     2.42,    -3.21,   -12.44,      1.1,     0.57,     0.82

  506.94,  512,    -2.54,     7.89,    -9.83,     0.25,     0.71,    -2.34

  513.53,  512,    -1.29,    -9.79,    -8.81,     -1.4,     0.18,    -1.52

  520.16,  512,     3.85,    10.74,    -8.67,     1.49,     0.12,    -1.89

  526.81,  512,     -6.7,    -4.32,   -11.69,    -1.32,     0.74,     -2.6

  533.44,  512,     3.88,     0.10,    -3.74,     0.92,     0.68,    -1.18

  539.94,  512,     -2.7,     3.63,   -17.15,     0.28,     0.91,     -2.9

  546.53,  512,    -4.88,     -4.7,    -2.96,      0.8,     0.21,    -1.35

   553.8,  512,     6.78,     4.19,   -10.70,     0.26,     0.12,    -1.87

  559.74,  512,     -9.2,     0.76,   -11.80,     0.17,     0.49,    -1.50

  566.27,  512,     3.53,      0.9,     -2.6,     0.36,     0.10,    -1.94

  572.79,  512,     0.25,     0.57,   -17.58,     0.34,      0.2,    -1.39

  579.36,  512,     -5.9,     7.38,    -5.61,     0.33,     0.32,    -1.95

   586.4,  512,     4.37,    -7.37,    -9.35,    -1.28,     0.51,    -1.73

  592.78,  512,     0.17,     7.91,   -10.91,     1.38,     0.50,    -1.17

  599.42,  512,    -2.82,     1.28,    -9.67,    -1.29,     0.62,    -2.28

   606.5,  512,     2.29,    -2.28,    -7.85,      0.8,     0.91,     0.95

  612.48,  512,     1.52,     9.52,   -12.85,     0.36,     0.39,     -2.3

  619.13,  512,    -5.83,    -8.21,    -8.76,     0.90,     0.17,    -1.42

  625.75,  512,     7.59,     7.56,    -9.26,      1.6,     0.46,    -1.51

  632.39,  512,    -6.87,     0.79,   -15.58,     0.84,     0.71,    -1.82

  638.90,  512,     5.28,     0.92,    -1.95,     0.36,     0.62,    -1.32

  645.46,  512,     2.19,     2.73,   -18.46,      0.5,     0.44,    -1.80

  652.10,  512,    -8.96,      1.7,    -5.86,     0.17,      0.9,    -1.42

  658.67,  512,      8.3,    -1.95,   -10.51,     0.63,     0.12,    -1.80

  665.35,  512,    -3.29,     2.87,    -15.0,     0.82,      0.4,    -1.16

  671.89,  512,      0.5,      0.7,    -4.30,     0.87,     0.40,    -2.10

  678.38,  512,     3.32,    -5.79,   -12.96,     0.21,     0.43,     -1.9

   685.5,  512,     0.79,     9.45,    -9.88,     0.78,     0.19,    -1.68

  691.66,  512,    -2.22,    -8.73,    -9.36,    -1.44,     0.18,    -1.81

  698.39,  512,     3.94,      4.9,    -8.27,     1.23,     0.81,     -1.2

  704.98,  512,    -2.68,      0.8,   -14.42,     -1.8,     0.74,    -2.20

  711.58,  512,     0.18,    -4.91,    -4.12,      0.4,     0.87,     -1.9

  718.10,  512,     5.21,     7.66,   -13.35,     0.35,     0.16,    -1.97

  724.76,  512,    -8.54,    -5.38,    -6.94,     0.73,      0.2,    -1.50

  731.37,  512,     7.92,     2.86,    -5.11,     0.30,     0.54,    -1.89

  737.97,  512,    -3.87,     1.66,   -17.46,     0.15,     0.45,    -1.61

  744.58,  512,    -1.72,     0.63,     0.63,     0.10,      0.7,    -1.66

   751.1,  512,     5.27,    -2.71,   -13.95,     0.44,      0.2,    -1.61

  757.68,  512,    -7.62,     7.35,    -6.71,      1.1,     0.35,    -1.50

  764.39,  512,     0.34,    -4.52,    -6.55,    -1.35,     0.49,    -1.91

   771.4,  512,     1.34,    -1.41,   -11.72,     0.78,     0.33,     -1.8

  777.57,  512,    -3.97,     5.95,     -9.5,     0.16,     0.94,    -2.34

  784.10,  512,    -1.67,    -9.40,    -8.41,     0.98,     0.14,    -1.42

  790.77,  512,     3.36,    10.47,    -9.33,     1.17,      0.2,    -1.80

  797.45,  512,    -7.30,    -5.86,   -11.52,    -1.55,     0.78,     -2.7

   804.7,  512,     4.73,     0.90,    -4.30,     0.80,     0.74,    -1.40

  810.59,  512,    -3.85,     1.79,   -17.44,     0.84,     0.83,    -2.20

  817.19,  512,    -3.68,    -3.77,    -2.13,     0.24,     0.33,    -1.42

  823.79,  512,     8.75,     2.66,    -12.3,     0.15,      0.3,    -1.91

  830.40,  512,    -9.47,     0.53,    -10.5,      0.1,     0.33,    -1.45

  836.91,  512,     3.75,     -1.8,    -2.66,     0.75,      0.8,    -1.85

  843.56,  512,    -1.34,     0.67,   -16.25,     0.10,      0.2,    -1.24

  850.11,  512,    -5.29,     6.62,    -4.67,      0.2,     0.51,    -1.83

  856.71,  512,     1.34,    -7.58,    -9.35,    -1.44,      0.0,    -1.51

  863.40,  512,     0.33,     9.47,    -10.0,     1.27,     0.16,    -1.23

   870.2,  512,    -5.11,     -1.7,   -10.30,    -1.63,     0.95,    -2.22

  876.69,  512,     0.33,     1.17,    -6.44,     0.35,     0.66,    -1.11

  883.21,  512,     0.96,     7.68,    -14.8,     0.27,     0.74,    -2.26

  889.79,  512,     -7.4,    -5.80,    -6.63,     0.93,     0.13,    -1.51

  896.40,  512,     6.83,     7.55,   -11.39,     0.45,     0.14,    -1.92

  902.99,  512,     -9.3,     0.89,    -14.9,     0.92,     0.68,    -1.89

  909.52,  512,     6.39,     1.81,     -3.0,      0.8,     0.43,    -1.76

  916.13,  512,     0.24,     1.81,   -18.92,     0.32,     0.43,    -1.89

  922.73,  512,    -7.64,     2.83,    -4.73,      0.9,     0.30,    -1.77

  929.33,  512,     6.36,     -4.6,   -12.27,     -1.3,     0.16,    -1.97

   936.1,  512,    -2.29,     5.87,   -12.97,     1.20,     0.11,    -1.39

  942.68,  512,    -2.78,     -3.2,    -7.25,     0.91,      1.1,    -2.40

  949.24,  512,     2.63,    -3.87,   -10.94,      0.3,     0.28,    -1.21

  955.80,  512,     1.12,    11.23,   -11.15,     0.75,     0.71,    -2.12

  962.42,  512,    -3.59,    -8.67,    -9.15,    -1.34,     0.42,    -1.73

  969.10,  512,      7.4,     7.43,    -8.21,     1.24,     0.42,    -1.53

  975.70,  512,    -5.16,     1.43,   -16.28,     -1.0,     0.97,    -2.15

  982.33,  512,     3.31,     0.10,    -1.86,     0.13,     0.67,    -1.42

  988.79,  512,     4.12,      4.8,    -17.5,     0.30,     0.39,     -2.5

  995.33,  512,    -7.13,     0.23,    -2.96,     0.19,     0.26,    -1.60

 1001.92,  512,      8.5,     0.96,    -8.50,     0.80,     0.21,    -1.97

 1008.54,  512,    -2.30,     4.71,   -15.67,     0.50,      0.2,    -1.42

 1015.20,  512,     -1.6,     1.10,    -3.43,     0.75,     0.43,    -2.18

 1021.80,  512,     3.43,    -6.33,   -11.72,     0.58,     0.27,    -1.32

 1028.44,  512,     0.27,    10.57,    -9.14,      1.6,     0.33,    -1.75

  1035.3,  512,    -3.34,    -7.47,    -8.77,    -1.66,     0.68,    -1.65

 1041.71,  512,     4.93,     3.84,    -6.80,     1.33,     0.44,    -1.16

 1048.31,  512,    -5.19,      1.6,   -14.91,     0.74,     1.25,    -2.21

 1054.93,  512,     0.77,    -3.91,    -2.90,      0.4,     0.42,    -1.18

 1061.42,  512,     3.10,     5.89,   -13.46,     0.17,     0.45,    -1.97

  1068.2,  512,    -9.58,    -1.75,    -7.12,     0.32,     0.35,    -1.55

 1074.63,  512,      7.9,     1.14,    -4.78,     0.14,     0.22,    -1.83

 1081.22,  512,    -5.60,     2.79,   -16.15,     0.25,     0.31,    -1.58

 1087.86,  512,    -3.12,     3.22,    -1.77,     0.18,     0.31,    -1.97

 1094.44,  512,     4.97,    -4.25,   -12.14,     0.71,     0.15,    -1.55

  1101.4,  512,    -2.92,    10.39,    -8.80,     1.23,     0.14,    -1.56

 1107.72,  512,    -2.29,    -4.38,    -8.87,    -1.67,     0.63,    -2.11

 1114.32,  512,     3.30,     5.15,    -8.77,      1.6,     0.71,     -1.1

 1120.86,  512,    -2.50,     5.25,   -13.48,     0.43,      1.1,    -2.28

 1127.52,  512,    -2.91,    -6.93,    -6.50,     0.11,     0.38,    -1.20

  1134.5,  512,     5.67,     8.16,   -13.94,     0.64,     0.15,    -1.89

 1140.63,  512,    -9.19,     -3.4,   -11.70,     0.68,     0.44,    -1.37

 1147.23,  512,     8.92,     3.12,    -2.73,     0.39,     0.56,    -1.56

 1153.86,  512,    -3.47,     1.99,   -18.52,      0.9,     0.47,    -1.73

 1160.46,  512,    -5.22,      3.7,    -1.96,      0.5,      0.8,    -1.67

 1166.96,  512,     5.96,    -2.64,   -14.74,     0.43,      0.3,    -1.65

 1173.64,  512,    -4.48,     8.26,    -9.90,     1.40,     0.22,    -1.42

 1180.32,  512,    -1.92,    -4.48,    -6.80,    -1.15,     0.66,    -2.14

 1186.96,  512,     2.95,      1.5,   -10.23,     0.94,     0.56,     0.92

 1193.37,  512,    -1.47,     8.84,   -10.85,     0.15,     0.99,    -2.23

  1200.4,  512,     0.51,    -7.33,    -6.82,     0.37,     0.16,    -1.16

 1206.64,  512,     6.75,     9.19,    -9.97,     1.23,      0.6,    -1.67

 1213.28,  512,     -8.9,    -5.26,   -13.97,     0.87,     0.76,    -1.68

 1219.87,  512,     7.36,     2.99,    -3.79,     0.78,     0.64,    -1.21

 1226.47,  512,     0.15,      3.3,   -18.48,      0.1,     0.74,    -1.76

  1233.0,  512,    -2.34,     0.68,     0.68,     0.34,      0.0,    -1.32

 1239.46,  512,     8.61,    -1.33,   -12.59,     0.23,      0.2,    -1.58

 1246.17,  512,    -4.90,     6.68,   -12.60,     1.24,     0.23,    -1.23

 1252.94,  512,     1.73,    -1.82,    -5.14,     0.79,     0.52,    -1.91

 1259.53,  512,     3.52,    -2.68,    -12.9,     0.60,     0.38,     0.81

  1266.5,  512,    -2.83,     8.36,    -8.39,     0.73,     0.75,    -2.16

 1272.65,  512,     0.75,    -8.23,    -8.50,    -1.11,      0.8,    -1.23

 1279.28,  512,     5.96,     7.55,    -7.31,     1.53,     0.25,    -1.19

 1285.94,  512,    -6.91,    -2.41,    -12.9,     -1.1,      1.2,    -1.85

 1292.56,  512,     4.44,     0.29,    -2.93,     0.59,     0.67,     -1.8

  1299.0,  512,     0.50,     3.71,   -16.27,     0.11,     0.74,    -1.79

 1305.60,  512,    -4.90,     -2.6,    -3.81,     0.16,      0.4,     -1.0

 1312.17,  512,    10.72,     2.42,    -8.92,     0.14,     0.11,    -1.41

 1318.86,  512,    -7.46,     3.51,   -13.30,     0.50,     0.36,     -1.8

 1325.49,  512,     2.26,     0.98,    -2.66,     0.45,     0.17,    -1.42

  1332.1,  512,     3.80,    -1.12,   -14.86,      0.5,     0.22,     0.79

 1338.59,  512,    -3.66,     9.35,    -7.16,     0.94,     0.52,    -1.38

 1345.27,  512,     1.20,    -6.86,    -9.52,    -1.37,     0.17,    -1.17

 1351.96,  512,     3.43,     7.35,     -9.6,     1.47,     0.55,     0.56

 1358.50,  512,    -4.14,     1.45,   -11.96,     0.91,     0.91,    -1.73

 1365.10,  512,      1.6,    -5.30,    -5.54,     0.20,     0.81,     0.36

 1371.61,  512,     1.75,     7.52,    -14.8,     0.32,     0.58,    -1.57

 1378.22,  512,    -7.75,     -5.5,    -7.99,     0.63,      0.5,     0.82

 1384.72,  512,     9.25,     4.62,    -8.98,     0.61,      0.1,    -1.13

 1391.42,  512,    -7.32,     0.86,   -16.13,     0.13,     0.75,    -1.19

  1398.3,  512,     0.19,     0.55,     0.12,      0.0,     0.20,     -1.1

 1404.33,  512,     4.35,     0.58,   -17.22,      0.7,     0.23,     -1.3

 1411.10,  512,    -6.43,     6.66,    -6.93,     0.67,     0.37,     0.94

 1417.72,  512,     7.12,     -6.3,   -10.49,    -1.42,      0.2,     -1.6

 1424.47,  512,     2.15,     3.10,   -12.24,     0.85,     0.44,     0.19

  1431.1,  512,    -1.69,     5.18,    -8.68,     0.86,     0.63,    -1.37

 1437.67,  512,      4.1,    -6.76,    -10.6,     0.83,     0.72,     0.10

 1444.20,  512,     4.18,    10.20,    -11.3,     0.81,      0.5,     0.92

 1450.80,  512,    -3.54,    -8.49,   -11.92,    -1.57,     0.17,     0.69

 1457.50,  512,     8.82,     4.74,    -6.40,     0.96,     0.95,     0.20

  1464.1,  512,     -2.6,     2.17,    -17.9,     0.69,     0.68,     0.91

 1470.55,  512,     2.73,    -1.84,     0.71,      0.9,     0.75,      0.8

  1477.5,  512,     7.92,     2.72,   -15.13,      0.8,      0.8,     0.64

 1483.73,  512,    -7.42,     0.98,    -10.2,     0.15,     0.12,     0.13

 1490.33,  512,     7.95,    -1.44,    -5.37,     0.68,     0.16,     0.53

  1497.3,  512,     0.58,     0.74,   -15.49,     0.68,      0.1,     0.12

 1503.47,  512,    -2.71,     3.77,    -3.79,      0.9,     0.68,     0.68

  1510.7,  512,     3.54,     -8.0,   -10.49,     0.74,     0.17,     0.14

 1516.72,  512,     0.95,    11.14,    -8.80,     1.54,     0.17,     0.10

 1523.41,  512,    -4.44,    -5.49,    -9.32,    -1.46,     0.55,     0.59

 1530.11,  512,     3.56,     0.81,    -5.18,      1.6,     0.69,     0.47

 1536.57,  512,    -4.53,     3.57,   -13.89,     0.36,      1.0,     0.81

 1543.25,  512,    -3.78,     -5.2,    -2.23,     0.27,     0.28,     0.15

 1549.81,  512,     7.37,     5.99,    -9.89,     0.36,     0.18,     0.62

 1556.42,  512,    -9.96,     -2.2,    -8.18,     0.56,     0.51,     0.30

  1563.0,  512,     6.73,      0.7,    -1.55,     0.47,     0.31,     0.38

 1569.54,  512,    -2.86,     0.86,   -17.53,     0.33,     0.15,     0.22

 1576.16,  512,     -4.3,     2.60,    -1.76,     0.50,      0.7,     0.45

 1582.75,  512,     6.34,    -6.32,    -11.1,    -1.55,     0.49,     0.14

 1589.46,  512,     -2.1,      8.9,    -9.94,     0.87,     0.43,      0.7

 1595.94,  512,    -2.50,    -4.90,    -8.30,     -2.3,     0.43,     0.73

 1602.65,  512,     3.80,     0.39,    -9.26,     0.29,     0.84,     0.62

 1609.14,  512,     0.37,     6.86,   -12.56,     0.23,     0.60,     0.66

 1615.76,  512,    -4.11,   -10.15,    -7.20,     -1.7,     0.12,     0.38

 1622.51,  512,     7.46,      8.3,   -11.26,     0.96,      0.7,      0.0

 1628.96,  512,    -8.78,    -2.99,    -14.3,     0.82,     0.79,     0.15

 1635.66,  512,     2.67,     0.85,     0.97,     0.23,     0.39,     0.32

  1642.8,  512,     0.25,     1.70,   -19.39,     0.16,     0.55,     0.14

 1648.78,  512,    -8.27,     1.88,    -4.64,     0.10,      0.0,     0.14

 1655.38,  512,      7.5,    -5.18,   -11.91,    -1.27,     0.30,      0.5

  1662.5,  512,    -3.62,      4.5,    -13.5,     0.75,     0.43,     0.44

 1668.57,  512,    -4.13,    -2.98,    -6.50,    -1.28,     0.23,     0.67

 1675.31,  512,     2.42,    -6.58,   -10.70,     0.63,     0.91,     0.61

 1681.92,  512,     1.20,      9.1,   -10.42,     0.39,      0.5,     0.33

 1688.44,  512,    -2.86,    -11.8,   -10.77,     -2.2,     0.49,      0.1

  1695.8,  512,     7.71,     3.51,    -7.14,     0.58,    -1.22,     0.37

 1701.73,  512,    -3.69,     0.21,   -17.79,    -1.36,     0.43,     0.35

 1708.26,  512,     2.47,    -3.70,    -2.11,     0.45,    -1.10,     0.51

 1714.92,  512,     7.47,     1.14,    -17.7,     0.47,     0.35,     0.18

 1721.45,  512,    -9.45,    -1.52,    -13.1,     0.29,     0.26,     0.28

  1728.5,  512,     7.58,    -2.63,    -6.52,     0.97,     0.67,      0.8

 1734.66,  512,     1.12,    -1.78,   -18.83,      0.5,     0.60,     0.44

 1741.25,  512,     -5.1,     4.41,    -5.47,      0.5,     0.14,     0.26

 1747.78,  512,     2.51,    -8.75,   -12.19,    -1.49,     0.75,     0.24

 1754.55,  512,     0.11,     5.78,   -11.43,     1.28,     0.84,     0.56

 1761.14,  512,    -5.55,    -1.34,   -10.97,    -1.39,     0.30,     0.54

 1767.78,  512,      0.2,    -5.42,     -8.6,      0.0,    -1.29,     0.88

 1774.28,  512,    -1.90,     8.82,   -11.98,     0.35,      0.0,     0.37

 1780.86,  512,     -9.9,    -7.56,    -8.93,    -1.32,     0.39,     0.22

 1787.54,  512,     4.63,     6.40,    -6.61,      1.1,     0.96,     0.24

 1794.10,  512,   -10.19,     0.19,   -16.28,     0.86,     0.41,     0.29

 1800.66,  512,    -4.28,    -1.39,     0.56,     0.15,     0.96,     0.11

 1807.19,  512,     2.21,     2.12,   -18.63,     0.35,     0.52,     0.33

 1813.87,  512,   -12.83,     2.21,    -9.81,     0.10,     0.31,      0.8

 1820.46,  512,     0.76,     0.85,    -3.86,    -1.35,     0.71,     0.48

 1826.99,  512,    -2.42,     0.45,    -17.2,     0.14,     0.95,     0.26

 1833.58,  512,    -7.96,     8.26,    -6.22,     0.18,     0.29,     0.55

 1840.27,  512,     0.28,     -9.5,    -9.34,     -2.5,     0.68,     0.21

 1846.81,  512,    -1.37,     7.40,    -9.83,     0.95,     0.89,     0.18

 1853.47,  512,    -6.37,      2.5,   -10.50,    -1.46,     0.42,     -1.5

 1860.18,  512,     0.38,    -4.52,    -7.52,     0.50,     0.96,     0.23

 1866.68,  512,     0.40,     8.99,   -12.47,     0.38,     0.30,     -1.8

 1873.28,  512,    -9.41,    -8.92,   -11.52,    -1.55,     0.23,     0.43

 1879.96,  512,     6.72,      5.5,     -8.7,     0.66,     0.61,     0.24

 1886.48,  512,     -6.7,     0.84,   -19.49,     0.96,     0.82,     0.85

  1893.1,  512,     0.37,    -1.74,    -2.81,     0.17,     0.61,     0.12

 1899.60,  512,      6.7,     1.87,   -18.40,     0.35,      0.4,     0.71

 1906.23,  512,   -10.85,     0.26,   -15.10,      0.0,      0.6,     0.31

 1912.79,  512,     5.77,    -1.68,    -6.96,     0.80,     0.45,     0.67

 1919.48,  512,      1.1,    -2.29,   -19.88,     0.13,     0.43,     0.11

 1926.10,  512,    -6.43,     5.89,    -8.67,     0.38,      0.6,     0.60

 1932.62,  512,     2.47,    -8.32,    -12.0,    -1.69,     0.48,     0.49

 1939.31,  512,     0.24,     2.57,    -13.7,      1.4,     0.93,     0.22

 1945.90,  512,     -5.9,     1.19,   -10.70,     -1.3,     0.37,    -1.10

 1952.61,  512,     0.36,    -8.67,    -9.65,     0.73,     0.98,     0.20

 1959.12,  512,     0.49,    10.34,   -10.81,     0.96,     0.11,     0.59

 1965.70,  512,    -8.49,     -7.7,   -11.32,    -1.45,     0.26,     0.61

 1972.32,  512,     4.43,     2.27,    -4.96,      1.2,     0.96,      0.4

 1978.89,  512,    -6.58,      2.0,   -17.96,     0.38,     0.69,     -1.3

 1985.52,  512,    -5.99,     -3.4,    -2.64,     0.18,     0.58,     0.21

 1992.11,  512,     5.48,     3.77,   -11.35,      0.6,     0.18,     0.85

 1998.68,  512,   -11.57,     1.52,   -12.72,     0.11,     0.15,     0.53

 2005.33,  512,      1.5,     0.85,    -1.54,     0.51,     0.43,     0.87

 2011.82,  512,     0.66,     -1.1,   -18.38,     0.30,     0.40,     0.43

 2018.42,  512,    -7.51,     8.58,     -7.7,     0.66,      0.7,     0.73

  2025.3,  512,     0.60,    -7.27,    -8.46,    -1.72,     0.26,     0.91

 2031.72,  512,     0.42,     3.79,   -11.98,     0.95,     0.93,      0.6

 2038.30,  512,    -4.20,     7.26,   -10.17,     0.39,     0.48,    -1.33

 2044.99,  512,    -2.41,    -7.64,    -9.88,     0.90,     0.75,     0.13

 2051.52,  512,     2.42,    10.52,   -10.60,     1.27,     0.33,     0.63

 2058.20,  512,    -8.68,    -3.11,   -13.23,    -1.34,     0.38,     0.96

 2064.82,  512,     4.79,     3.68,    -4.96,     0.88,     -1.6,      0.8

 2071.39,  512,    -2.79,     4.76,   -17.80,     0.23,     0.60,    -1.15

  2078.1,  512,    -8.26,    -2.75,    -5.33,     0.23,     0.47,     0.26

 2084.53,  512,     8.31,     3.69,   -13.26,     0.13,     0.28,     -1.8

 2091.22,  512,    -8.76,     0.64,   -16.36,      0.2,     0.16,     0.45

 2097.71,  512,     4.73,     0.51,     -3.0,     0.37,     0.60,     0.65

 2104.17,  512,     3.50,    -2.65,   -18.67,     0.16,     0.37,     0.31

 2110.84,  512,    -7.61,     6.36,    -9.15,     0.53,      0.8,     0.43

 2117.51,  512,     2.61,    -6.75,    -9.59,    -1.42,     0.19,     0.80

 2124.20,  512,     0.27,     0.45,   -12.98,      1.7,     0.89,     0.28

 2130.71,  512,    -4.90,     4.26,    -8.22,     0.13,     0.40,    -1.36

 2137.40,  512,    -1.51,    -9.33,    -9.57,     0.86,     0.64,      0.4

 2143.92,  512,     2.73,    10.87,    -9.57,     1.44,     0.43,     0.32

 2150.61,  512,    -8.58,    -5.16,    -12.3,    -1.34,     0.37,     0.78

 2157.23,  512,     2.97,     0.97,    -4.56,     0.80,    -1.22,     0.19

 2163.73,  512,    -4.86,     3.39,   -16.58,     0.23,     0.46,     0.88

 2170.34,  512,    -6.71,    -4.21,    -3.55,     0.30,     0.64,      0.0

 2176.95,  512,     8.46,     3.62,    -9.72,     0.22,     0.49,     0.50

 2183.55,  512,   -11.54,      0.5,   -13.43,      0.3,     0.16,     0.28

  2190.8,  512,     0.27,     0.54,    -1.16,     0.21,     0.58,     0.43

 2196.57,  512,     0.37,    -1.11,   -18.75,     0.19,     0.29,     0.23

 2203.23,  512,    -9.80,     7.30,    -6.97,     0.87,      0.6,     0.30

 2209.87,  512,      0.5,    -6.33,    -7.97,    -1.38,      0.8,     0.66

 2216.47,  512,     -2.7,     3.22,   -12.57,     1.14,     0.64,     0.34

 2223.24,  512,    -5.43,     7.50,    -8.84,     0.20,     0.74,     -1.2

 2229.82,  512,    -2.24,    -8.74,   -10.20,     0.71,     0.22,     0.23

 2236.37,  512,     2.22,     9.83,   -10.36,     1.78,      0.5,     0.29

  2243.1,  512,    -7.27,    -3.95,   -13.26,     -1.3,     0.80,     0.75

 2249.64,  512,      5.2,     1.61,    -4.64,     1.11,     0.93,     0.26

 2256.23,  512,    -1.70,     3.80,   -17.23,     0.11,     0.69,     0.84

 2262.76,  512,    -8.57,    -4.79,    -5.58,      0.6,     0.41,      0.2

 2269.29,  512,     7.68,     3.73,   -11.60,     0.60,     0.30,     0.55

 2275.98,  512,    -10.4,     0.48,   -15.33,     0.10,     0.38,     0.37

 2282.50,  512,     3.53,     0.27,     0.53,      0.2,     0.50,     0.40

 2288.97,  512,     2.94,    -2.10,   -17.11,     0.14,      0.9,     0.26

 2295.66,  512,    -9.57,      6.8,     -8.6,     0.92,      0.8,     0.21

 2302.28,  512,     2.29,    -5.23,    -7.81,    -1.27,     0.10,     0.71

  2309.5,  512,     0.32,     0.47,   -13.21,     0.89,     0.41,     0.40

 2315.48,  512,    -5.22,     6.11,    -7.31,     0.25,     0.79,     0.97

 2322.15,  512,    -1.64,    -9.69,    -9.59,     0.66,     0.14,     0.12

 2328.75,  512,     2.40,     8.67,    -8.73,     1.81,     0.21,     0.12

 2335.43,  512,    -7.93,    -4.18,   -11.68,     -1.2,     0.89,     0.92

  2342.6,  512,     1.86,     -1.8,    -3.75,     0.87,     0.85,     0.25

 2348.56,  512,     1.40,     4.54,    -15.0,     0.17,     0.71,     0.87

 2355.15,  512,    -8.19,     -5.7,    -4.31,     0.36,     0.19,      0.4

 2361.71,  512,     7.78,     3.65,    -7.87,     0.35,     0.39,     0.40

 2368.37,  512,   -11.28,     0.23,   -14.29,      0.9,     0.35,     0.28

 2374.90,  512,    -1.23,     0.68,     0.16,     0.14,     0.51,     0.29

 2381.40,  512,      1.1,    -1.15,   -14.98,     0.33,     0.21,     0.19

 2388.10,  512,    -9.78,      7.2,    -6.97,      1.4,      0.5,     0.11

 2394.77,  512,     0.60,     -3.5,     -6.9,    -1.24,      0.7,     0.72

 2401.36,  512,     0.49,     0.57,   -12.53,     0.78,     0.71,     0.46

 2407.89,  512,    -4.75,     8.82,    -7.93,     0.35,     0.46,     0.87

 2414.57,  512,    -2.54,     -8.5,    -9.21,     0.99,     0.35,      0.1

  2421.9,  512,     2.33,     8.79,    -8.46,     1.72,     0.47,     0.11

 2427.78,  512,    -8.79,     0.99,   -12.83,     0.87,     0.67,     0.57

 2434.35,  512,     3.89,     0.61,    -4.16,     0.92,    -1.21,     0.29

 2440.97,  512,    -2.72,     5.81,   -15.35,     0.29,     0.46,     0.93

 2447.59,  512,   -10.76,    -3.34,    -4.92,     0.17,     0.45,     0.13

 2454.20,  512,     6.83,     3.52,     -9.2,     0.40,     0.28,     0.57

 2460.79,  512,   -11.36,     1.55,   -14.14,     0.22,     0.28,     0.53

 2467.40,  512,    -3.78,     1.14,     1.71,      0.5,     0.43,     0.54

 2473.97,  512,     1.89,    -1.35,   -15.12,     0.16,     0.15,     0.53

 2480.59,  512,   -10.84,     8.11,    -6.52,     1.13,     0.11,     0.46

 2487.27,  512,     1.37,    -3.72,    -4.78,    -1.20,     0.10,     0.97

 2493.88,  512,    -1.48,     0.42,    -11.9,     0.78,     0.67,      0.9

 2500.31,  512,    -6.65,     6.75,    -6.92,     0.14,     0.59,    -1.30

  2507.5,  512,    -1.76,    -7.64,    -8.54,    -1.11,     0.47,     0.26

 2513.68,  512,     0.23,     9.68,    -6.64,     1.47,     0.36,     0.57

 2520.25,  512,   -10.13,    -2.84,   -11.82,    -1.41,     0.68,    -1.15

  2527.5,  512,     1.80,     1.81,    -2.57,     0.98,     -1.0,      0.8

 2533.50,  512,    -3.50,     7.64,   -13.53,      0.0,     0.88,    -1.41

  2540.9,  512,    -6.91,    -1.80,    -1.79,     0.17,     0.20,     0.41

 2546.59,  512,     5.97,     6.67,     -9.1,     0.52,      0.4,    -1.13

 2553.22,  512,   -13.88,     1.64,   -15.27,      0.6,     0.69,     0.94

 2559.82,  512,     3.28,     2.56,    -1.19,      0.9,     0.35,     0.87

 2566.41,  512,     0.85,     0.75,   -17.46,      0.4,     0.27,     -1.0

 2572.92,  512,    -9.70,      7.1,    -3.25,     0.67,      0.5,     0.97

 2579.52,  512,     3.68,    -2.84,    -9.29,    -1.11,     0.19,    -1.18

 2586.32,  512,    -3.17,     1.67,    -13.8,     0.89,     0.43,     0.47

 2592.83,  512,    -6.62,     5.59,    -6.33,     0.48,     0.53,    -1.77

 2599.50,  512,      0.9,    -6.90,   -10.51,     0.79,     0.74,     0.30

  2606.2,  512,    -3.40,    11.34,    -7.22,     1.15,      0.2,    -1.60

 2612.75,  512,    -7.79,    -4.15,   -10.23,    -1.58,      0.5,    -1.46

 2619.40,  512,     3.51,     1.79,    -4.32,     0.74,    -1.15,     0.50

 2625.92,  512,    -8.44,     3.86,   -13.45,     0.80,     0.75,    -1.87

 2632.52,  512,    -4.37,    -3.39,     -3.5,     0.38,     0.98,     0.56

  2639.3,  512,     0.66,     6.57,    -13.3,      0.0,      0.2,    -1.64