----time, Mpow,     accX,     accY,     accZ,    gyroX,    gyroY,    gyroZ

     6.5,  512,    -3.47,     2.57,    -9.92,     0.10,     0.69,     2.97

   12.10,  512,    -3.95,     2.54,    -9.93,     0.14,     0.85,     2.99

   18.46,  512,    -4.64,     2.51,    -9.93,     0.26,      1.4,      3.0

    25.5,  512,    -5.11,     2.43,    -10.1,     0.37,     1.22,     2.99

   31.65,  512,    -5.56,      2.9,   -10.25,     0.41,     1.37,     2.98

   38.28,  512,    -5.69,     1.59,   -10.46,     0.36,     1.43,     2.95

   44.94,  512,     -5.6,     1.49,   -10.53,     0.33,     1.35,     2.87

   51.52,  512,    -4.51,     1.71,    -8.56,     0.42,     1.13,     2.81

    58.8,  512,    -7.60,     0.98,    -9.17,     0.30,     1.19,     2.87

   64.64,  512,    -5.97,     0.30,   -11.10,      0.1,     1.22,     2.78

   71.26,  512,    -3.94,     0.52,    -5.52,      0.0,     0.84,     2.68

   77.78,  512,    -9.71,     0.54,    -9.39,      0.8,      1.3,     2.70

   84.35,  512,    -2.40,     0.57,    -8.33,     0.31,     0.86,     2.36

   90.91,  512,   -10.67,     1.84,    -5.72,      0.9,     0.85,     2.41

   97.56,  512,    -2.77,    -1.42,   -11.20,     0.46,     0.64,     2.15

  104.19,  512,   -12.16,     3.85,    -8.46,     0.12,     0.85,     2.16

  110.85,  512,    -2.98,    -3.20,   -10.96,     0.63,     0.53,     2.16

  117.46,  512,   -10.86,     4.86,    -12.0,     0.57,     0.77,     2.23

   124.5,  512,    -4.63,    -4.42,    -6.38,    -1.36,     0.59,     1.50

  130.74,  512,    -6.66,      1.2,   -15.14,     0.59,     0.34,     2.56

  137.26,  512,    -9.37,     4.80,    -6.93,     0.84,     0.74,     1.24

  143.81,  512,    -3.40,    -6.90,   -13.81,     0.32,      0.9,     2.36

  150.45,  512,    -8.57,      9.1,    -9.62,     0.76,     0.60,     1.63

   157.1,  512,    -5.91,   -11.70,    -7.72,    -1.49,     0.14,     1.27

  163.77,  512,    -6.63,     3.52,   -11.32,     1.45,      0.6,     2.12

  170.37,  512,    -9.67,     1.94,    -6.68,     0.67,     0.71,     0.41

  176.82,  512,    -5.94,    -7.88,    -10.8,     0.24,     0.16,     1.74

  183.47,  512,    -8.66,     9.74,    -7.92,     0.76,     0.58,     0.69

  189.99,  512,    -7.62,   -13.19,    -7.15,    -1.48,     0.16,     0.57

  196.68,  512,    -6.67,     4.46,    -9.70,     1.43,     0.25,     1.43

  203.30,  512,    -9.14,     0.33,    -7.25,    -1.20,     0.29,     0.20

  209.82,  512,    -5.81,    -7.17,   -10.46,      0.4,     0.32,     1.17

  216.42,  512,    -7.79,     8.99,    -8.97,     0.63,     0.43,     0.17

  222.99,  512,    -7.96,   -13.50,    -8.38,    -1.57,     0.13,     0.15

  229.69,  512,    -6.28,     5.19,   -10.74,     1.40,     0.20,     0.90

  236.30,  512,    -8.74,    -1.55,    -7.93,    -1.25,     0.35,     0.63

  242.90,  512,     -6.0,    -5.70,   -10.54,     0.21,     0.48,     0.77

  249.41,  512,    -8.43,     8.14,    -8.96,     0.56,     0.44,     0.34

   256.1,  512,    -8.18,   -13.63,    -8.48,    -1.25,      0.2,     0.23

  262.68,  512,    -7.57,     6.63,   -10.31,     1.65,     0.16,     0.29

  269.30,  512,    -9.20,    -2.89,    -7.52,    -1.18,     0.70,    -1.16

  275.99,  512,    -6.32,    -4.13,   -10.86,     0.52,      0.1,     0.16

  282.51,  512,    -8.49,     7.39,    -8.24,     0.49,     0.82,     -1.2

   289.4,  512,    -6.61,   -12.59,    -9.19,     0.94,     0.14,     0.73

  295.63,  512,    -7.40,     7.35,   -10.63,     1.47,     0.33,     0.39

  302.31,  512,    -8.11,    -3.67,    -7.92,    -1.32,     0.59,    -1.74

  308.98,  512,    -5.41,    -8.10,   -12.99,     0.51,     0.20,     0.39

  315.49,  512,    -8.48,     7.10,    -8.87,     0.31,     0.51,    -1.65

   322.9,  512,    -5.56,   -11.79,   -10.75,    -1.20,     0.27,    -1.39

  328.80,  512,    -6.72,     7.42,   -13.22,     1.36,     0.21,     0.92

  335.38,  512,    -7.11,    -2.74,    -7.59,    -1.24,      0.7,    -2.33

  341.98,  512,    -4.92,    -6.16,   -13.85,     0.32,     0.62,     -1.3

  348.53,  512,     -9.5,     8.60,    -7.79,     0.49,     0.23,    -2.11

   355.9,  512,    -4.62,    -9.33,   -10.33,     -1.9,     0.30,    -1.94

  361.73,  512,    -7.90,     7.97,   -13.58,     1.50,     0.10,    -1.36

  368.41,  512,    -6.45,     0.31,    -6.42,     0.77,     0.16,    -2.76

  374.92,  512,     -3.8,    -6.60,   -13.95,     0.43,     0.50,    -1.44

  381.51,  512,    -8.65,     9.41,    -7.50,     0.91,     0.23,    -2.31

  388.11,  512,    -3.21,    -7.90,    -9.21,     -1.6,     0.30,    -2.51

  394.73,  512,    -5.34,     6.25,   -13.85,     1.46,     0.28,    -1.67

  401.41,  512,    -6.73,      3.1,    -5.32,     0.34,     0.15,    -3.12

  407.91,  512,    -1.51,    -7.76,   -12.60,     0.17,     0.61,    -2.12

  414.53,  512,    -8.10,    10.73,    -7.66,     1.19,      0.3,    -2.50

  421.13,  512,    -2.37,    -4.91,    -6.84,    -1.33,     0.30,    -3.19

  427.79,  512,    -2.17,     5.22,    -14.6,     0.89,     0.52,    -1.98

  434.33,  512,    -5.51,     6.94,    -5.25,     0.14,      0.5,    -3.35

  440.92,  512,      1.7,    -7.86,   -11.33,     0.78,     0.77,    -2.65

  447.52,  512,    -5.14,    10.71,    -9.97,     1.24,     0.25,    -2.50

  454.21,  512,    -1.59,    -1.48,    -6.72,    -1.29,     0.19,    -3.62

  460.83,  512,     0.78,    -3.19,    -14.0,     0.72,     0.70,    -2.32

  467.34,  512,    -4.75,    10.60,    -6.70,     0.23,     0.24,    -3.35

  473.95,  512,     0.90,    -6.80,    -9.87,     -1.4,     0.23,    -3.10

  480.53,  512,    -2.92,    10.93,    -13.3,     1.62,      0.9,    -2.41

  487.20,  512,     -2.0,     2.42,     -7.5,     0.79,     0.56,    -3.71

  493.75,  512,     2.68,     0.44,   -13.11,     0.48,     0.18,    -2.28

  500.32,  512,    -2.22,    12.69,    -8.99,     0.94,     0.64,    -3.13

  506.94,  512,      2.6,    -6.39,    -9.85,    -1.17,      0.0,     -3.1

  513.53,  512,     1.78,     11.7,   -12.62,     1.71,      0.4,    -2.42

  520.20,  512,      0.0,     2.48,    -8.75,     0.91,     0.51,    -3.48

  526.66,  512,     4.24,     -4.9,   -11.56,     0.57,     0.47,     -2.1

  533.27,  512,     1.32,     12.0,   -10.99,     0.70,     0.47,     -3.1

  539.88,  512,     1.39,    -7.70,    -9.74,     -1.5,     0.26,    -2.59

  546.55,  512,     5.97,    13.51,   -10.61,     1.78,     0.32,    -2.15

  553.23,  512,     0.69,    -1.91,   -11.40,    -1.34,     0.23,     -3.4

  559.83,  512,     5.37,     0.27,    -7.99,     0.87,     0.95,    -1.69

  566.32,  512,     2.64,     7.76,   -14.80,     0.22,      0.8,    -2.78

  572.95,  512,     0.11,    -6.71,    -6.85,     0.37,     0.88,    -1.96

  579.55,  512,    10.60,    12.59,   -11.18,     0.98,     0.28,    -2.44

  586.23,  512,    -3.57,    -3.37,   -12.22,     -1.0,     0.22,    -2.26

  592.87,  512,     7.91,     3.79,    -3.67,     0.75,     -1.0,    -1.80

  599.43,  512,     2.80,     4.19,    -19.9,      0.4,     0.14,    -1.98

  605.95,  512,     -2.7,     1.18,    -3.37,     0.26,     0.44,    -1.78

  612.50,  512,    11.85,     1.65,    -9.24,     0.12,     0.54,    -1.88

  619.15,  512,      0.9,     5.78,    -14.3,     1.14,     0.27,    -1.12

  625.75,  512,     2.97,      3.2,    -3.19,     0.40,     0.10,    -2.13

  632.29,  512,     8.24,    -2.87,   -11.74,     0.19,     0.68,     0.97

  638.88,  512,     3.13,    12.71,    -9.63,     1.45,     0.10,    -1.29

  645.65,  512,     3.51,    -5.54,    -7.68,    -1.37,      0.5,    -1.74

  652.24,  512,     8.81,     5.91,   -10.37,     1.59,     0.53,     0.36

  658.78,  512,     4.68,     7.36,   -11.79,     0.29,     0.60,    -1.64

  665.38,  512,      4.0,    -6.21,    -7.19,     0.11,     0.49,     0.53

  671.82,  512,    12.34,    12.16,   -12.56,     1.20,      0.2,     0.73

  678.56,  512,     1.24,    -4.17,   -12.80,    -1.19,      0.5,     0.85

  685.17,  512,    13.96,     5.16,    -5.98,     0.98,     0.89,     0.15

  691.69,  512,     8.68,     4.77,    -19.7,     0.19,      0.4,     0.46

  698.22,  512,     4.43,    -1.16,    -4.86,      0.3,     0.59,     0.11

  704.82,  512,    15.82,     2.19,    -12.3,      0.0,     0.52,     0.15

  711.43,  512,     3.73,     3.57,   -15.61,     0.75,     0.16,     0.49

   718.9,  512,     8.18,     0.14,    -2.20,     0.47,      0.0,     0.24

  724.59,  512,    11.65,    -4.39,   -13.26,     0.16,     0.31,     0.82

  731.27,  512,     3.53,     11.4,    -9.88,     1.41,     0.45,     0.67

  737.92,  512,     6.79,    -7.64,    -7.14,    -1.31,     0.50,     0.19

  744.57,  512,    10.33,     2.30,    -9.78,     1.64,      0.6,     1.62

  751.25,  512,     5.24,      4.1,   -11.89,      0.8,     1.10,     0.48

  757.77,  512,     6.33,    -8.87,    -6.47,     0.12,     0.25,     1.40

  764.37,  512,     14.8,    10.81,   -10.43,     1.39,     0.30,     1.40

   771.7,  512,     0.92,     -6.7,   -10.14,    -1.11,     0.56,     1.14

  777.65,  512,    11.21,      2.0,    -2.61,     0.77,     0.36,     1.86

  784.19,  512,    10.73,     3.58,   -17.33,     0.14,     0.47,     1.64

  790.80,  512,     0.30,     0.59,    -2.27,      0.8,      0.5,     1.92

  797.24,  512,    13.53,     1.56,    -7.84,     0.38,      0.4,     1.84

  803.90,  512,     1.66,     5.32,   -14.24,     0.73,     0.26,     2.61

  810.58,  512,     3.50,     3.20,    -3.11,     0.84,     0.52,     1.71

  817.17,  512,     8.84,    -3.40,   -11.60,     0.37,      0.4,     2.70

  823.77,  512,     3.58,    13.12,   -10.67,     1.31,     0.56,     2.69

  830.46,  512,      2.6,    -4.12,    -8.53,    -1.72,     0.71,     1.99

   837.1,  512,     7.11,     5.95,    -8.94,      1.9,     0.15,     3.40

  843.60,  512,      3.8,      9.3,   -13.29,     0.35,      1.2,     2.25

  850.19,  512,     0.47,    -5.52,     -7.1,     0.80,     0.11,      3.4

  856.71,  512,     9.72,    12.61,    -12.6,     0.90,     0.42,      3.0

  863.33,  512,    -2.99,    -1.27,   -13.71,    -1.32,     0.72,     2.80

   870.9,  512,     7.22,     4.50,    -1.54,     0.23,     0.14,     3.30

  876.61,  512,     4.79,     5.18,   -19.13,     0.59,     0.80,     3.20

  883.21,  512,    -6.33,     2.77,    -6.46,     0.13,     0.40,     3.31

  889.81,  512,     7.55,     0.14,   -10.17,     0.88,     0.29,      3.2

  896.31,  512,    -1.53,     5.88,    -16.0,     0.78,     0.56,     3.85

  902.93,  512,    -3.85,     4.10,    -5.88,     0.67,     1.13,     2.62

  909.61,  512,     0.80,    -4.47,   -12.11,     0.68,     0.53,     3.48

  916.20,  512,    -1.90,    14.63,   -11.87,     1.33,     1.15,     3.47

  922.97,  512,    -5.86,    -4.58,   -10.65,    -1.80,     1.39,     2.52

  929.66,  512,     0.70,     3.91,     -9.8,     0.83,     0.37,     3.95

   936.1,  512,     0.62,     6.67,   -15.28,     0.66,     1.42,     2.81

  942.62,  512,    -5.15,     -6.6,    -6.81,     -1.4,     0.41,     3.78

  949.21,  512,     5.52,    11.17,   -12.29,     0.57,     0.59,     3.40

  955.83,  512,    -9.32,    -2.82,   -17.18,    -1.25,     0.85,     3.17

  962.52,  512,     1.29,     2.78,    -3.29,      0.7,      0.8,     3.45

   969.0,  512,      3.0,     3.70,   -19.14,     0.27,     0.58,     3.38

  975.62,  512,    -8.92,     3.39,    -4.76,      0.0,     0.50,     3.31

  982.22,  512,     3.25,    -1.77,    -7.82,     -1.2,     0.13,      3.0

  988.82,  512,     -5.4,     6.67,   -16.10,     0.83,     0.19,     3.86

  995.41,  512,    -6.56,     6.10,    -5.32,     0.68,     0.69,     2.49

  1002.3,  512,    -1.69,    -8.24,    -9.96,     0.78,      0.6,     3.41

 1008.60,  512,    -4.21,    13.76,   -10.50,     1.24,     0.56,     3.32

 1015.31,  512,    -7.76,    -4.36,    -8.94,    -1.90,     0.81,     2.31

 1021.91,  512,    -2.86,     4.70,    -7.24,     0.78,      0.3,     3.66

 1028.43,  512,    -5.27,     7.47,   -13.32,     0.48,      1.7,     2.36

  1035.9,  512,    -10.5,    -9.17,    -6.17,     0.96,     0.19,     2.96

 1041.64,  512,     0.46,    10.94,   -10.76,     0.84,     0.39,     2.80

 1048.23,  512,   -12.39,    -3.64,   -13.14,    -1.33,     0.78,     2.37

 1054.99,  512,    -5.89,     0.54,    -1.11,      0.9,      0.2,     2.72

 1061.41,  512,    -3.91,     2.83,   -18.53,     0.43,     0.51,     2.35

  1068.5,  512,   -14.90,     0.38,     -6.4,     0.27,     0.35,     2.31

 1074.58,  512,     0.37,    -1.43,   -10.38,     0.79,      0.3,     1.85

 1081.23,  512,    -8.92,     1.31,    -17.4,     0.42,      0.8,     2.52

 1087.84,  512,   -12.28,     1.53,    -5.15,     0.45,     0.36,      1.9

 1094.43,  512,    -3.97,    -8.92,   -12.71,     -1.5,     0.29,     1.84

 1101.13,  512,    -8.81,      8.1,   -12.31,     1.35,      0.0,     2.11

 1107.72,  512,   -10.94,    -7.34,     -9.0,    -1.59,     0.35,     0.70

 1114.24,  512,    -7.27,    -5.17,   -10.35,     0.67,     0.54,      2.8

 1120.84,  512,    -7.72,    10.78,   -11.99,     0.50,     0.48,     0.89

 1127.42,  512,   -12.39,   -13.35,    -8.38,    -1.38,      0.3,      1.0

  1134.6,  512,     -5.3,     6.29,    -8.97,     1.72,     0.21,     1.47

 1140.66,  512,   -11.37,    -6.15,    -15.8,    -1.10,     0.74,     0.34

 1147.27,  512,   -10.84,    -6.59,    -4.16,     0.48,     0.21,     1.21

 1153.88,  512,    -5.19,     7.57,   -14.17,     0.75,     0.63,     0.31

 1160.44,  512,   -18.70,   -10.57,    -7.32,     0.61,     0.71,     0.34

  1167.6,  512,     -6.4,     1.80,    -4.49,     1.19,     0.26,     0.22

 1173.59,  512,   -14.65,    -2.47,   -18.85,      0.7,     0.96,     0.16

 1180.18,  512,   -16.80,     -4.3,    -1.14,     0.25,     0.47,     0.27

 1186.76,  512,    -3.42,    -2.76,    -9.98,     0.21,     0.11,     0.69

 1193.38,  512,   -15.61,     0.63,   -14.23,     0.52,      0.5,     0.20

 1199.89,  512,   -12.42,      0.1,    -3.21,     0.73,      0.4,    -1.38

 1206.48,  512,    -6.84,     -7.0,   -12.73,     0.75,     0.65,     0.84

 1213.15,  512,    -12.0,     8.40,   -11.41,      1.6,     0.43,     -1.5

 1219.87,  512,   -10.38,    -3.72,    -7.47,    -1.94,     0.12,    -2.11

 1226.55,  512,    -7.86,     -3.1,   -11.69,     0.19,     0.88,     0.93

  1233.0,  512,    -8.79,    10.77,   -10.49,     0.62,      0.4,    -1.85

 1239.65,  512,   -11.18,   -11.31,    -9.37,    -1.62,     0.18,    -2.10

 1246.35,  512,    -6.48,      8.5,    -9.62,     1.73,     0.58,    -1.33

 1252.95,  512,   -10.22,     2.57,    -12.6,     0.67,     0.55,    -2.75

 1259.55,  512,   -11.51,    -4.91,    -7.82,     0.35,     0.21,    -1.91

 1266.14,  512,    -5.61,    13.31,   -12.32,     1.60,     0.46,    -2.59

 1272.84,  512,   -13.30,     -8.0,   -10.44,     0.95,     0.72,    -2.93

 1279.37,  512,    -3.70,     9.51,    -7.93,     2.17,      0.0,    -2.40

 1285.94,  512,    -9.17,      4.2,   -15.26,     0.14,      1.6,    -3.39

 1292.55,  512,   -11.84,    -2.57,     -4.1,     0.59,     0.12,    -2.84

 1299.10,  512,     0.95,    11.74,   -14.41,      1.3,     0.44,    -3.39

 1305.75,  512,   -12.77,     -2.5,   -12.28,      0.7,     0.53,    -3.39

 1312.28,  512,     0.56,     5.71,    -5.52,     0.85,     0.30,    -3.51

 1318.87,  512,    -3.46,      6.1,   -20.28,     0.27,     0.10,    -3.57

 1325.49,  512,   -11.11,     3.12,    -7.42,     0.36,     0.54,    -3.69

  1332.9,  512,     1.30,     0.38,   -12.99,     0.66,     0.94,    -3.83

 1338.60,  512,    -5.19,     8.57,   -17.42,     1.16,    -1.12,    -3.35

 1345.36,  512,    -5.48,     4.47,     -8.2,     0.66,     0.70,    -4.57

 1351.88,  512,     0.87,     -3.3,   -12.41,     0.41,    -1.49,    -3.73

 1358.49,  512,     0.45,    17.23,   -11.49,     1.32,     0.91,    -3.93

 1365.17,  512,    -4.38,     -4.1,    -9.30,    -1.71,     0.47,    -4.55

 1371.78,  512,     1.68,     7.38,    -7.48,     1.30,    -1.11,    -3.50

 1378.46,  512,     1.20,     7.91,    -15.3,     0.20,     0.21,    -4.50

 1384.96,  512,    -3.20,    -2.95,    -4.96,     0.19,     0.44,    -3.93

 1391.56,  512,     7.43,    14.30,   -11.94,     1.15,      0.2,    -4.28

 1398.25,  512,     -6.9,     1.13,   -16.40,     0.35,     0.40,    -4.26

 1404.78,  512,     5.60,     5.81,    -3.64,     0.61,     0.21,    -4.26

 1411.32,  512,     6.38,     8.15,   -19.74,     0.40,     0.12,     -4.6

 1417.90,  512,    -1.15,     7.91,    -5.85,     0.54,      0.8,    -4.17

 1424.49,  512,     8.96,     0.23,   -10.72,     0.67,     0.30,    -4.32

  1431.8,  512,     3.63,     12.6,   -15.10,     1.47,     0.62,    -3.44

 1437.73,  512,     4.52,     6.65,    -8.38,     0.70,      0.7,    -4.47

 1444.31,  512,     7.19,     0.33,   -11.75,      0.0,     -1.6,    -3.35

 1450.89,  512,     8.17,    16.41,   -13.17,     1.19,     0.63,    -3.52

 1457.59,  512,     2.95,    -5.50,   -11.25,    -1.50,     0.64,    -3.67

 1464.27,  512,     9.38,    11.72,    -8.75,     1.63,    -1.38,    -2.81

 1470.91,  512,     3.49,     5.43,   -16.43,     0.50,     0.22,    -3.48

 1477.40,  512,     3.42,    -3.36,    -4.69,     0.70,    -1.12,    -2.73

 1483.99,  512,    10.75,    10.99,   -16.47,     0.86,     0.42,     -3.3

 1490.58,  512,     0.89,    -1.29,    -9.40,      0.8,     0.35,    -2.75

 1497.10,  512,    13.61,     4.74,    -2.94,     0.50,     0.61,    -2.84

 1503.71,  512,     5.78,     4.65,   -17.39,     0.60,     0.27,    -2.29

 1510.31,  512,     3.74,     5.29,    -2.63,     0.28,     0.18,    -2.60

 1516.91,  512,    11.63,    -3.41,   -12.12,     0.35,     0.38,    -2.29

 1523.53,  512,     6.61,    10.83,   -11.21,     1.73,     0.35,    -1.65

 1530.23,  512,     6.69,     0.58,    -6.63,    -1.18,     0.15,    -2.59

 1536.79,  512,     9.80,     -1.3,    -10.1,      1.0,     0.89,    -1.22

 1543.41,  512,     10.5,    12.46,   -11.38,     0.52,      0.5,    -1.90

 1549.98,  512,     5.59,   -10.43,    -6.94,    -1.17,     0.55,    -1.52

 1556.62,  512,    14.38,    10.16,    -8.63,     1.52,     0.55,     -1.0

 1563.24,  512,     5.55,     0.86,   -14.27,    -1.40,      0.2,    -1.42

 1569.75,  512,    11.48,      0.0,    -1.99,     0.74,     -1.4,     0.65

 1576.24,  512,     14.5,     6.68,   -16.44,     0.30,      0.0,     0.77

 1582.83,  512,     3.31,    -1.88,    -3.23,     0.18,     0.54,     0.39

 1589.44,  512,    16.11,     0.16,     -7.9,     0.36,     0.56,     0.49

 1595.94,  512,      6.3,     4.72,   -16.56,     0.69,     0.41,     0.37

 1602.56,  512,     8.42,     2.41,    -2.37,     0.39,     0.25,     0.35

 1609.23,  512,    12.50,    -7.21,    -10.7,     0.42,     0.41,     0.44

 1615.82,  512,      9.9,     13.3,     -9.7,     1.34,      0.4,     0.74

 1622.37,  512,     6.92,    -5.58,    -6.51,    -1.57,     0.50,      0.7

  1629.6,  512,    10.90,     6.45,    -5.95,     1.29,     0.31,     1.39

 1635.76,  512,     9.22,     7.94,   -11.96,      0.8,     0.90,     0.54

 1642.26,  512,     5.96,    -8.88,    -4.83,     0.39,     0.15,     1.23

 1648.93,  512,    17.64,    11.11,    -7.96,      1.1,     0.20,     1.33

 1655.61,  512,     4.78,    -2.30,   -12.84,     0.99,     0.30,     1.28

 1662.25,  512,     13.2,     0.32,     0.99,      0.8,     0.28,     1.67

 1668.58,  512,    13.30,     4.39,   -18.82,     0.27,      0.7,     1.90

 1675.33,  512,     4.54,      4.9,    -5.51,      0.3,      0.5,      2.9

 1681.86,  512,    15.90,     -2.3,    -6.36,    -1.14,     0.17,     2.17

 1688.56,  512,     8.94,     7.35,   -14.65,     0.90,     0.30,      3.2

 1695.15,  512,     7.37,     7.92,    -6.44,     0.73,     0.46,      2.0

 1701.68,  512,    10.60,    -4.16,   -10.68,     0.59,     0.30,      3.4

 1708.34,  512,    10.69,     16.1,   -10.97,     1.32,     0.21,     3.14

  1715.3,  512,     3.54,    -1.74,   -10.22,    -1.73,     0.67,     2.69

 1721.70,  512,    10.79,     7.94,    -6.89,     1.14,     0.18,     3.88

 1728.30,  512,     6.69,     9.61,   -16.17,     0.35,      1.2,     3.21

 1734.85,  512,     0.26,    -1.48,    -5.28,     0.10,     0.30,     3.83

 1741.36,  512,    12.24,    10.45,    -13.8,     0.45,     0.63,     3.69

 1747.95,  512,    -1.31,     4.99,   -15.16,     0.20,     0.95,     3.97

 1754.56,  512,     7.35,     4.34,    -3.14,     0.42,     0.68,     3.58

 1761.16,  512,     6.50,      5.2,   -17.80,      0.1,     0.67,     4.18

 1767.74,  512,    -1.86,    12.75,    -9.18,     0.38,      1.5,     3.58

 1774.42,  512,     3.57,    -1.68,    -9.47,    -1.64,     0.82,     3.64

  1781.6,  512,     2.69,    10.83,   -13.24,     1.22,     0.47,     4.72

 1787.72,  512,     0.34,     6.39,   -12.33,    -1.16,     1.43,     3.44

 1794.32,  512,     0.63,    -1.84,    -9.58,     0.56,     0.27,     4.52

 1800.77,  512,     4.57,    16.50,    -14.5,     0.27,     0.86,      4.6

 1807.35,  512,     -6.9,    -3.34,    -11.5,    -1.72,     0.73,      4.7

 1813.98,  512,     4.46,    10.44,    -7.92,     0.81,      0.9,     4.47

 1820.56,  512,    -4.94,     5.61,   -18.10,     0.92,     0.88,      4.5

 1827.16,  512,    -4.12,     2.89,    -3.50,     0.28,      0.2,     4.28

 1833.77,  512,     5.14,      7.8,   -15.66,     0.37,     0.23,     4.13

 1840.36,  512,    -9.23,     7.18,    -11.6,     0.12,     0.27,     4.41

 1846.98,  512,     0.90,     1.97,    -4.85,    -1.20,     0.11,     3.68

 1853.59,  512,    -3.68,     4.75,    -15.8,     0.36,     0.11,     4.73

 1860.18,  512,     -7.8,    11.76,    -7.47,      0.4,     0.74,     3.78

 1866.75,  512,    -5.99,    -6.32,    -8.29,    -1.33,     0.39,      4.0

 1873.39,  512,     -4.4,    13.58,   -10.50,     1.68,     0.52,     4.49

  1880.7,  512,    -10.9,     0.80,   -11.10,    -1.65,     1.30,     3.23

 1886.67,  512,    -7.99,     2.82,    -5.24,     0.52,     0.22,     4.20

 1893.19,  512,    -5.87,    10.91,    -15.2,     0.14,     1.12,     3.21

 1899.86,  512,   -14.55,    -6.15,    -7.30,     -1.3,     0.59,     3.35

 1906.47,  512,     0.75,     9.82,    -5.86,     0.59,     0.29,     3.18

 1912.99,  512,   -12.37,     1.98,   -16.28,     0.71,     0.70,      3.2

 1919.61,  512,   -10.20,     1.97,    -1.31,     0.39,      0.5,     2.78

 1926.19,  512,    -3.16,     1.65,   -17.83,     0.51,      0.4,     2.97

 1932.78,  512,   -13.27,     6.96,   -10.62,     0.29,      0.7,     2.86

 1939.38,  512,    -5.74,    -5.46,    -8.21,    -1.61,      0.7,     2.13

  1946.1,  512,    -7.78,     1.87,   -14.63,     0.75,     0.32,     3.17

 1952.59,  512,    -11.6,     4.31,    -9.45,     0.14,     0.66,     1.99

 1959.18,  512,   -10.34,   -10.43,    -8.80,     -1.6,     0.18,     2.29

 1965.89,  512,    -6.89,     11.3,   -10.11,     1.73,     0.44,     2.52

 1972.50,  512,   -13.52,    -7.34,   -12.38,    -1.40,      1.8,     1.37

 1979.17,  512,    -8.45,     0.83,    -4.57,     0.85,      0.8,     2.19

 1985.59,  512,     -7.8,     7.10,   -15.30,      0.6,     0.96,     1.21

 1992.18,  512,   -15.52,    -8.72,    -3.61,     0.35,     0.32,     1.39

 1998.81,  512,    -2.65,     4.18,    -8.48,     0.49,      0.9,      1.7

 2005.34,  512,   -16.12,    -3.22,   -17.29,     0.41,     0.45,     0.95

 2011.98,  512,   -10.67,    -2.49,      0.7,     0.30,      0.4,     0.54

 2018.43,  512,    -3.59,    -2.27,   -14.99,     0.34,     0.12,     0.60

 2025.13,  512,   -15.28,     3.54,    -8.55,     0.65,      0.2,     0.68

 2031.71,  512,    -8.47,    -5.99,     -5.2,    -1.47,      0.2,     0.39

 2038.32,  512,    -9.24,    -1.74,   -13.79,     0.44,     0.26,     0.75

 2044.91,  512,   -12.42,     8.22,    -8.20,     0.38,     0.25,     0.26

 2051.49,  512,   -11.34,   -12.30,    -8.69,    -1.52,      0.9,     0.43

 2058.21,  512,    -9.62,     7.74,   -10.77,     1.78,     0.18,     0.35

 2064.83,  512,   -12.75,     0.59,   -11.52,     0.81,     0.78,    -1.10

 2071.41,  512,   -12.32,    -6.51,    -8.11,      0.1,     0.21,     0.21

 2077.93,  512,    -7.87,    10.65,   -12.70,     1.19,     0.36,     0.87

 2084.61,  512,   -15.37,   -10.94,   -10.99,    -1.43,     0.28,    -1.26

 2091.38,  512,    -8.10,     5.85,    -5.62,     1.47,     0.56,     0.79

 2097.90,  512,   -11.85,     0.17,   -16.54,     0.67,     0.33,    -1.89

 2104.41,  512,    -15.3,    -6.25,    -4.51,     0.12,     0.62,    -1.43

  2111.3,  512,    -4.60,     7.45,   -15.52,     0.66,     0.35,    -2.11

 2117.63,  512,   -17.15,    -5.29,   -13.78,     0.76,     0.24,    -2.17

 2124.24,  512,    -4.96,     1.58,     -2.8,     0.29,     0.82,    -2.33

 2130.81,  512,     -8.3,     2.30,   -20.52,     0.10,     0.37,    -2.18

 2137.43,  512,   -16.24,     1.68,    -7.30,     0.23,     0.30,    -2.51

  2144.9,  512,    -3.55,    -2.48,   -10.74,     0.66,     0.31,     -3.9

 2150.69,  512,   -10.23,     3.31,   -16.95,     1.12,     0.23,    -2.26

 2157.39,  512,   -12.68,     9.77,    -6.44,     0.42,     0.49,    -3.33

 2163.90,  512,    -7.15,    -7.51,    -11.6,     0.36,     0.16,    -3.21

 2170.44,  512,    -8.88,    11.48,   -11.43,     2.29,     0.26,    -2.74

 2177.18,  512,   -10.38,     0.70,    -9.53,     0.88,     0.86,    -4.23

 2183.65,  512,    -7.70,    -2.77,    -9.14,     0.79,     0.24,    -3.22

 2190.23,  512,    -4.92,    13.95,   -11.69,     1.22,     0.37,    -4.34

 2196.94,  512,   -10.19,    -7.38,    -8.67,    -1.36,      0.5,    -4.25

 2203.59,  512,      0.3,    10.70,    -7.74,     1.57,     0.70,    -3.84

 2210.12,  512,    -8.44,     2.14,   -16.76,     -1.0,     0.17,    -4.64

 2216.74,  512,     -3.3,     0.53,    -2.99,     0.14,     0.88,    -4.11

 2223.24,  512,     3.74,    11.52,   -16.30,     0.12,     0.23,    -4.55

 2229.89,  512,    -8.50,     1.81,    -7.95,     0.27,     0.33,    -4.32

 2236.45,  512,     4.76,     4.98,    -7.23,     0.14,     0.56,    -4.63

  2243.5,  512,    -3.48,      8.4,   -20.14,     0.52,     0.46,    -3.82

 2249.64,  512,    -2.61,     8.75,    -5.42,      0.4,     0.19,    -4.73

 2256.23,  512,      4.3,    -1.47,   -13.32,     0.43,     0.66,    -4.39

 2262.83,  512,     0.74,     16.2,   -12.81,     1.79,     0.55,     -4.1

 2269.48,  512,     0.43,     2.84,   -10.94,    -1.29,      0.5,    -4.89

 2276.12,  512,     4.50,     8.98,   -10.79,     1.52,     0.91,    -3.69

 2282.76,  512,     3.23,    15.26,   -15.27,     0.27,     0.18,    -4.57

 2289.34,  512,     0.19,    -3.70,    -9.12,     0.48,     0.53,    -3.98

 2295.84,  512,    10.12,    16.75,   -14.27,     1.55,     0.44,    -3.93

 2302.55,  512,    -1.52,     1.70,   -14.87,     0.73,      0.0,     -4.7

  2309.6,  512,     7.41,     8.95,     -4.1,     1.28,     0.94,    -3.77

 2315.66,  512,     4.58,     8.21,   -20.66,     0.24,     0.33,    -3.83

 2322.26,  512,     -1.8,     4.97,    -5.21,     0.36,     0.70,    -3.71

 2328.85,  512,    10.56,     3.23,   -14.71,     0.21,     0.84,    -3.79

 2335.46,  512,     1.29,    10.39,   -14.35,     1.29,     0.86,    -3.16

 2342.15,  512,     3.35,     4.93,    -5.45,     0.74,     0.80,     -4.8

 2348.66,  512,     6.77,     1.17,   -13.45,     0.51,    -1.32,    -2.94

 2355.36,  512,     4.97,    15.83,   -10.69,     0.93,     0.51,    -3.45

 2361.94,  512,     3.11,    -6.92,     -9.1,    -1.36,     0.71,    -3.41

 2368.54,  512,     9.27,    12.53,    -9.51,     1.84,    -1.13,    -2.65

 2375.25,  512,     1.67,     4.93,   -13.77,     0.89,      0.0,    -3.46

 2381.76,  512,     6.48,     1.87,    -3.76,     0.66,     -1.8,    -2.48

 2388.36,  512,     8.59,    11.83,   -15.70,     0.54,      0.2,    -3.26

 2394.94,  512,    -2.90,     -3.2,    -8.44,     0.16,     0.22,    -2.64

 2401.46,  512,    12.19,     6.66,    -8.21,     0.71,     0.29,    -2.68

  2408.7,  512,     2.60,     5.30,   -17.50,     0.56,     0.21,    -2.29

 2414.68,  512,     5.81,     2.44,     -1.9,      0.6,     0.10,    -2.60

 2421.21,  512,    11.52,     0.94,   -14.34,     0.14,     0.22,     -2.7

 2427.81,  512,     3.30,    11.19,   -11.15,     1.56,      0.1,    -1.84

 2434.56,  512,     7.81,    -5.14,    -7.32,    -1.19,      0.0,    -2.54

 2441.17,  512,     9.85,     1.63,   -11.14,     1.40,     0.93,    -1.16

 2447.82,  512,     6.62,     6.52,   -11.18,     0.12,      0.8,    -2.43

 2454.35,  512,     6.60,    -8.54,    -7.10,     0.73,     0.84,    -1.41

 2460.88,  512,    13.82,    13.25,    -9.62,     1.45,     0.60,    -1.26

 2467.58,  512,     2.65,    -5.29,   -10.34,    -1.23,     0.22,    -1.52

 2474.24,  512,     12.7,     2.16,    -2.57,     0.87,    -1.12,     0.70

 2480.76,  512,    11.62,     4.41,   -16.65,     0.13,      0.7,     0.98

 2487.28,  512,     3.23,    -1.64,    -1.15,      0.0,     0.54,     0.56

 2493.81,  512,    15.97,      3.2,    -8.17,      0.0,     0.35,     0.60

 2500.33,  512,     3.39,      5.7,   -12.14,     0.80,      0.3,      0.7

 2506.93,  512,      8.3,      1.1,    -1.64,     0.62,     0.15,     0.65

 2513.53,  512,    11.55,    -1.71,   -13.66,     0.21,     0.35,     0.42

 2520.19,  512,     7.39,    12.45,    -8.79,     1.17,     0.28,     0.18

 2526.89,  512,     7.16,    -7.37,    -7.66,    -1.60,     0.12,      0.7

 2533.49,  512,    12.42,     7.94,    -9.40,     1.58,     0.58,     1.16

 2540.17,  512,      7.4,     5.13,   -12.70,     0.76,     0.53,     0.17

 2546.68,  512,      6.5,    -3.43,    -5.23,     0.14,     0.72,     1.18

 2553.29,  512,    14.21,    10.96,   -13.62,     0.48,     0.15,     0.93

 2559.88,  512,     1.41,    -3.38,   -11.56,     0.87,     0.14,      1.6

 2566.48,  512,    15.15,     4.10,    -5.38,     0.39,     0.68,     1.37

  2573.9,  512,     8.44,      4.3,    -19.0,     0.10,      0.1,     1.63

 2579.62,  512,     5.61,     2.23,    -3.77,      0.6,     0.20,     1.60

 2586.28,  512,    13.86,    -2.39,   -11.78,     0.75,     0.26,     1.77

 2592.90,  512,     5.82,     8.63,   -13.63,     1.32,     0.15,     2.63

 2599.59,  512,     4.78,     0.70,    -6.23,     -1.0,     0.59,     1.66

  2606.9,  512,     8.54,    -3.40,   -10.85,     0.28,     0.15,      3.2

 2612.70,  512,     8.15,     15.1,   -11.37,      1.5,     0.92,     2.58

 2619.38,  512,     3.15,    -7.99,    -8.39,    -1.42,     0.56,     2.59

 2625.99,  512,    11.15,     8.52,    -7.47,     1.62,     0.31,     3.44

 2632.60,  512,     4.90,     1.51,   -16.30,     0.74,     1.40,     2.78

 2639.27,  512,     5.32,     0.57,    -1.99,      0.4,     0.38,     3.54