----time, Mpow,     accX,     accY,     accZ,    gyroX,    gyroY,    gyroZ

     6.6,    0,     0.52,      0.5,    -9.94,      0.0,      0.1,     0.37

   11.86,    0,     0.43,      0.5,    -10.2,      0.1,      0.2,     0.36

   18.10,    0,     0.53,     0.10,    -9.98,      0.0,      0.3,     0.35

   24.57,    0,     0.58,     0.14,    -9.98,      0.2,      0.2,     0.35

   31.13,    0,     0.69,     0.18,    -9.88,      0.4,      0.1,     0.35

   37.73,    0,     0.77,     0.31,    -9.71,      0.3,      0.2,     0.34

   44.34,    0,     0.93,     0.39,    -9.55,      0.1,      0.0,     0.30

   50.93,    0,     -1.2,     0.42,    -9.45,      0.1,      0.1,     0.28

   57.57,    0,     -1.1,     0.39,    -9.44,      0.2,      0.0,     0.27

   64.14,    0,     0.81,     0.23,    -9.53,      0.4,      0.0,     0.27

   70.72,    0,     0.76,     0.13,    -9.61,      0.4,      0.1,     0.28

   77.33,    0,     0.65,      0.6,    -9.59,      0.5,      0.2,     0.30

   83.93,    0,     0.71,      0.4,    -9.60,      0.7,      0.1,     0.32

   90.54,    0,     0.77,      0.7,    -9.61,      0.8,      0.2,     0.34

   97.13,    0,     0.86,      0.4,    -9.60,      0.8,      0.2,     0.34

  103.74,    0,     0.97,      0.0,    -9.72,      0.7,      0.2,     0.35

  110.26,    0,     -1.8,      0.5,    -9.69,      0.7,      0.4,     0.36

  116.92,    0,    -1.10,      0.3,    -9.74,      0.6,      0.4,     0.38

  123.55,    0,    -1.14,      0.6,    -9.72,      0.6,      0.7,     0.37

  130.19,    0,    -1.34,      0.8,    -9.66,      0.8,     0.10,     0.33

  136.81,    0,    -1.51,     0.15,    -9.68,      0.6,     0.11,     0.29

  143.52,    0,    -1.66,     0.18,    -9.68,      0.3,     0.11,     0.27

  150.16,    0,    -1.84,     0.24,    -9.70,      0.1,     0.13,     0.23

  156.81,    0,    -1.93,     0.31,    -9.73,      0.1,     0.11,     0.20

  163.41,    0,    -1.93,     0.30,    -9.72,      0.0,     0.11,     0.15

   170.1,    0,    -1.78,     0.24,    -9.78,      0.1,     0.10,     0.13

  176.54,    0,    -1.81,     0.14,    -9.87,      0.1,      0.8,      0.9

  183.13,    0,    -1.81,     0.16,    -9.89,      0.1,      0.4,     0.10

  189.73,    0,    -1.77,     0.17,    -9.85,      0.0,      0.0,     0.10

  196.32,    0,    -1.62,     0.19,    -9.83,      0.4,      0.3,     0.11

  202.92,    0,    -1.49,     0.15,    -9.77,      0.7,      0.7,     0.13

  209.53,    0,    -1.34,      0.7,    -9.70,     0.10,      0.7,     0.12

  216.13,    0,    -1.29,     0.10,    -9.57,     0.12,      0.6,     0.13

  222.79,    0,    -1.28,      0.5,    -9.50,     0.13,      0.4,     0.11

  229.34,    0,    -1.28,      0.8,    -9.56,     0.12,      0.3,     0.10

  235.94,    0,    -1.27,     0.10,    -9.66,      0.9,      0.3,     0.10

  242.58,    0,    -1.22,      0.7,    -9.67,      0.7,      0.1,      0.8

   249.9,    0,    -1.22,      0.9,    -9.69,      0.5,      0.0,      0.6

  255.65,    0,    -1.28,     0.16,    -9.61,      0.5,      0.0,      0.4

  262.29,    0,    -1.32,     0.18,    -9.52,      0.4,      0.2,      0.3

  268.87,    0,    -1.25,     0.14,    -9.47,      0.3,      0.2,      0.1

  275.47,    0,    -1.15,     0.22,    -9.53,      0.3,      0.0,      0.0

   282.6,    0,     -1.8,     0.33,    -9.49,      0.5,      0.0,      0.1

  288.66,    0,     0.92,     0.32,    -9.49,      0.8,      0.2,      0.2

  295.18,    0,     0.87,     0.25,    -9.44,     0.12,      0.1,      0.1

  301.76,    0,     0.80,      0.8,    -9.39,     0.13,      0.1,      0.0

  308.28,    0,     0.80,      0.2,    -9.38,     0.13,      0.0,      0.3

  314.88,    0,     0.61,     0.20,    -9.48,     0.13,      0.1,      0.5

  321.49,    0,     0.57,     0.22,    -9.63,     0.15,      0.1,      0.7

  328.10,    0,     0.56,     0.24,    -9.69,     0.16,      0.0,      0.8

  334.75,    0,     0.55,     0.33,    -9.82,     0.17,      0.0,      0.9

  341.35,    0,     0.69,     0.32,    -9.88,     0.16,      0.0,      0.9

  347.95,    0,     0.90,     0.25,    -9.87,     0.15,      0.0,      0.9

  354.57,    0,     0.87,     0.15,    -9.83,     0.15,      0.0,      0.6

  361.17,    0,     0.84,     0.19,    -9.83,     0.13,      0.1,      0.4

  367.77,    0,     0.73,     0.26,    -9.91,      0.9,      0.4,      0.3

  374.35,    0,     0.72,     0.35,    -9.96,      0.4,      0.7,      0.3

  380.97,    0,     0.82,     0.36,    -10.8,      0.0,      0.7,      0.3

  387.55,    0,     0.85,     0.32,    -10.6,      0.0,      0.9,      0.1

  394.17,    0,     0.96,     0.29,    -10.4,      0.1,     0.10,      0.0

  400.76,    0,    -1.12,     0.36,   -10.20,      0.3,      0.9,      0.0

  407.39,    0,    -1.22,     0.39,   -10.32,      0.1,      0.6,      0.1

   414.7,    0,    -1.34,     0.31,   -10.42,      0.0,      0.2,      0.2

  420.72,    0,    -1.42,     0.20,   -10.39,      0.3,      0.0,      0.4

  427.36,    0,    -1.46,     0.21,   -10.38,      0.7,      0.5,      0.7

  433.98,    0,    -1.45,     0.23,   -10.25,     0.10,      0.7,     0.10

  440.62,    0,    -1.51,     0.21,   -10.12,      0.8,      0.9,     0.11

  447.24,    0,    -1.49,     0.21,    -10.1,      0.5,      0.9,     0.11

  453.85,    0,    -1.51,     0.12,    -9.85,      0.3,      0.8,     0.12

  460.44,    0,    -1.49,     0.10,    -9.73,      0.2,      0.7,     0.14

   467.2,    0,    -1.42,     0.18,    -9.68,      0.1,      0.5,     0.15

  473.57,    0,    -1.32,     0.16,    -9.65,      0.1,      0.3,     0.17

  480.17,    0,    -1.34,     0.14,    -9.65,      0.0,      0.2,     0.16

  486.82,    0,    -1.31,     0.13,    -9.64,      0.1,      0.0,     0.15

  493.42,    0,    -1.27,     0.14,    -9.68,      0.2,      0.0,     0.16

   500.2,    0,    -1.29,      0.0,    -9.69,      0.2,      0.0,     0.17

  506.58,    0,    -1.24,      0.4,    -9.74,      0.1,      0.0,     0.17

  513.17,    0,    -1.23,      0.6,    -9.75,      0.1,      0.0,     0.17

  519.77,    0,    -1.29,     0.10,    -9.82,      0.1,      0.1,     0.18

  526.39,    0,    -1.43,     0.18,    -9.91,      0.1,      0.1,     0.21

  532.98,    0,    -1.51,     0.29,    -10.0,      0.2,      0.2,     0.23

  539.59,    0,    -1.51,     0.19,   -10.13,      0.3,      0.4,     0.25

  546.19,    0,    -1.45,     0.19,   -10.20,      0.3,      0.7,     0.27

  552.86,    0,    -1.43,     0.21,   -10.16,      0.3,      0.8,     0.29

  559.47,    0,    -1.45,     0.25,    -10.8,      0.4,     0.11,     0.31

   566.7,    0,    -1.43,     0.25,    -9.98,      0.5,     0.12,     0.33

  572.68,    0,    -1.26,     0.15,    -9.91,      0.5,     0.14,     0.34

  579.27,    0,     -1.2,      0.1,    -9.95,      0.4,     0.14,     0.35

  585.80,    0,     0.80,      0.5,    -9.88,      0.3,     0.14,     0.35

  592.35,    0,     0.54,     0.13,    -9.87,      0.2,     0.13,     0.33

  598.92,    0,     0.41,     0.22,    -9.71,      0.2,     0.12,     0.31

  605.51,    0,     0.33,     0.33,    -9.65,      0.4,      0.9,     0.29

  612.11,    0,     0.18,     0.39,    -9.54,      0.7,      0.6,     0.29

  618.71,    0,     0.23,     0.55,    -9.51,      0.9,      0.4,     0.25

  625.30,    0,     0.24,     0.58,    -9.50,      0.9,      0.0,     0.22

  631.90,    0,     0.26,     0.55,    -9.57,     0.10,      0.3,     0.21

  638.51,    0,     0.55,     0.53,    -9.68,      0.7,      0.4,     0.18

   645.4,    0,     0.65,     0.43,    -9.84,      0.7,      0.5,     0.20

  651.63,    0,     0.80,     0.37,    -10.0,      0.7,      0.6,     0.23

  658.23,    0,     0.94,     0.28,    -10.5,      0.4,      0.4,     0.25

  664.89,    0,     0.93,     0.21,    -10.5,      0.2,      0.2,     0.28

  671.52,    0,     0.89,     0.19,    -9.98,      0.0,      0.4,     0.29

  678.11,    0,     0.76,     0.20,    -9.95,      0.0,      0.4,     0.29

  684.64,    0,     0.65,     0.20,    -9.89,      0.0,      0.3,     0.30

  691.30,    0,     0.63,     0.32,    -9.83,      0.0,      0.3,     0.31

  697.86,    0,     0.62,     0.46,    -9.81,      0.0,      0.2,     0.32

  704.51,    0,     0.50,     0.48,    -9.81,      0.1,      0.2,     0.32

  711.11,    0,     0.58,     0.52,    -9.83,      0.1,      0.1,     0.33

  717.71,    0,     0.64,     0.53,    -9.78,      0.2,      0.0,     0.34

  724.33,    0,     0.77,     0.47,    -9.78,      0.4,      0.0,     0.35

  730.85,    0,     0.87,     0.39,    -9.86,      0.5,      0.3,     0.37

  737.45,    0,     0.99,     0.31,    -9.91,      0.5,      0.3,     0.38

   744.3,    0,     -1.9,     0.34,    -9.98,      0.3,      0.5,     0.39

  750.69,    0,    -1.12,     0.23,    -10.9,      0.1,      0.7,     0.41

  757.33,    0,    -1.24,     0.12,   -10.13,      0.1,      0.9,     0.45

  763.95,    0,    -1.40,     0.11,    -10.4,      0.2,     0.11,     0.48

  770.60,    0,    -1.39,     0.10,    -9.93,      0.2,     0.14,     0.53

  777.24,    0,    -1.27,     0.20,    -9.84,      0.2,     0.13,     0.56

  783.83,    0,    -1.26,     0.34,    -9.78,      0.0,     0.11,     0.57

  790.49,    0,    -1.27,     0.39,    -9.74,      0.1,     0.13,     0.59

  797.10,    0,    -1.20,     0.34,    -9.71,      0.1,     0.12,     0.60

  803.71,    0,    -1.18,     0.38,    -9.69,      0.1,     0.12,     0.59

  810.31,    0,    -1.16,     0.45,    -9.65,      0.1,     0.11,     0.60

  816.91,    0,    -1.17,     0.38,    -9.65,      0.2,     0.12,     0.61

  823.51,    0,    -1.16,     0.28,    -9.63,      0.3,     0.11,     0.60

  830.13,    0,    -1.17,     0.24,    -9.54,      0.4,     0.10,     0.59

  836.72,    0,    -1.22,     0.22,    -9.45,      0.4,     0.10,     0.59

  843.32,    0,    -1.17,     0.20,    -9.37,      0.3,     0.10,     0.59

  849.92,    0,    -1.15,     0.18,    -9.31,      0.1,     0.10,     0.59

  856.52,    0,    -1.13,     0.11,    -9.32,      0.0,      0.9,     0.58

   863.5,    0,    -1.11,     0.10,    -9.19,      0.2,      0.8,     0.57

  869.65,    0,     -1.6,     0.15,    -9.18,      0.5,      0.9,     0.58

  876.24,    0,     -1.5,     0.20,    -9.18,      0.7,      0.7,     0.59

  882.85,    0,     0.95,     0.24,    -9.20,      0.8,     0.10,     0.62

  889.42,    0,     0.94,     0.24,    -9.16,      0.9,     0.10,     0.65

   896.1,    0,     0.90,     0.24,    -9.24,      0.9,     0.11,     0.67

  902.55,    0,     0.71,     0.28,    -9.34,     0.10,     0.10,     0.69

  909.16,    0,     0.57,     0.39,    -9.58,      0.8,     0.10,     0.70

  915.76,    0,     0.49,     0.37,    -9.72,      0.5,     0.10,     0.72

  922.36,    0,     0.43,     0.37,    -9.79,      0.3,     0.11,     0.73

  928.96,    0,     0.38,     0.31,    -9.81,      0.4,     0.13,     0.74

  935.57,    0,     0.39,     0.30,    -9.68,      0.6,     0.14,     0.76

  942.17,    0,     0.33,     0.30,    -9.55,      0.8,     0.15,     0.78

  948.77,    0,     0.21,     0.80,    -9.49,      0.8,     0.13,     0.79

  955.37,    0,      0.5,     0.48,    -9.55,      0.6,     0.12,     0.80

  961.96,    0,      0.0,     0.48,    -9.56,      0.5,      0.9,     0.81

  968.48,    0,     0.10,     0.41,    -9.54,      0.4,      0.5,     0.80

   975.9,    0,     0.11,     0.41,    -9.58,      0.2,      0.1,     0.79

  981.68,    0,     0.21,     0.47,    -9.65,      0.0,      0.2,     0.79

  988.28,    0,     0.32,     0.63,    -9.80,      0.2,      0.3,     0.79

  994.88,    0,     0.47,     0.67,    -10.5,      0.4,      0.6,     0.80

 1001.48,    0,     0.48,     0.64,   -10.22,      0.5,      0.4,     0.78

 1008.13,    0,     0.44,     0.56,   -10.34,      0.2,      0.0,     0.77

 1014.75,    0,     0.47,     0.53,   -10.27,      0.1,      0.6,     0.76

 1021.36,    0,     0.54,     0.48,   -10.13,      0.6,      0.9,     0.75

 1027.97,    0,     0.52,     0.44,    -9.95,      0.8,     0.11,     0.75

 1034.57,    0,     0.58,     0.41,    -9.78,      0.9,     0.11,     0.75

 1041.18,    0,     0.52,     0.31,    -9.78,      0.9,     0.10,     0.75

 1047.80,    0,     0.54,     0.22,    -9.87,      0.9,      0.7,     0.75

 1054.40,    0,     0.52,     0.16,    -9.96,      0.8,      0.5,     0.75

 1060.99,    0,     0.50,     0.11,    -10.7,      0.6,      0.3,     0.76

 1067.59,    0,     0.46,     0.11,    -10.8,      0.4,      0.0,     0.76

 1074.20,    0,     0.52,     0.19,   -10.10,      0.1,      0.0,     0.77

 1080.80,    0,     0.63,     0.32,    -10.9,      0.1,      0.4,     0.76

 1087.39,    0,     0.77,     0.48,    -10.4,      0.5,      0.7,     0.76

 1093.97,    0,     0.82,     0.67,    -10.9,      0.9,     0.10,     0.75

 1100.56,    0,     0.91,     0.72,   -10.13,     0.13,     0.12,     0.73

 1107.21,    0,     0.87,     0.66,   -10.17,     0.13,     0.12,     0.71

 1113.88,    0,     0.95,     0.54,   -10.17,     0.11,     0.10,     0.71

 1120.48,    0,     0.92,     0.47,   -10.13,      0.8,      0.8,     0.70

  1127.6,    0,     0.94,     0.44,   -10.15,      0.6,      0.4,     0.69

 1133.69,    0,     0.93,     0.32,   -10.14,      0.4,      0.1,     0.69

 1140.29,    0,     0.86,     0.29,    -10.5,      0.2,      0.0,     0.68

 1146.88,    0,     0.88,     0.27,    -9.93,      0.2,      0.0,     0.66

 1153.42,    0,     0.88,     0.30,    -9.83,      0.2,      0.0,     0.66

  1160.2,    0,     0.84,     0.44,    -9.83,      0.2,      0.2,     0.65

 1166.59,    0,     0.80,     0.47,    -9.81,      0.4,      0.3,     0.64

 1173.20,    0,     0.73,     0.46,    -9.88,      0.6,      0.4,     0.62

 1179.80,    0,     0.60,     0.45,    -9.86,      0.4,      0.4,     0.61

 1186.40,    0,     0.56,     0.52,    -9.87,      0.3,      0.4,     0.61

  1193.1,    0,     0.48,     0.55,    -9.85,      0.2,      0.3,     0.60

 1199.61,    0,     0.45,     0.48,    -9.82,      0.2,      0.1,     0.62

 1206.21,    0,     0.52,     0.51,    -9.77,      0.1,      0.2,     0.61

 1212.82,    0,     0.49,     0.58,    -9.78,      0.2,      0.3,     0.60

 1219.42,    0,     0.44,     0.61,    -9.72,      0.5,      0.3,     0.61

  1226.2,    0,     0.37,     0.54,    -9.68,      0.4,      0.3,     0.61

 1232.62,    0,     0.26,     0.49,    -9.62,      0.3,      0.2,     0.62

 1239.23,    0,     0.20,     0.53,    -9.56,      0.1,      0.3,     0.64

 1245.83,    0,     0.12,     0.61,    -9.64,      0.0,      0.3,     0.65

 1252.43,    0,      0.6,     0.67,    -9.73,      0.2,      0.3,     0.65

  1259.3,    0,      0.0,     0.61,    -9.77,      0.3,      0.2,     0.65

 1265.61,    0,      0.7,     0.57,    -9.84,      0.4,      0.2,     0.65

 1272.22,    0,      0.6,     0.50,    -9.82,      0.6,      0.1,     0.66

 1278.81,    0,     0.11,     0.50,    -9.82,      0.7,      0.3,     0.67

 1285.42,    0,      0.5,     0.44,    -9.92,      0.8,      0.4,     0.67

 1291.95,    0,      0.6,     0.35,    -9.95,     0.10,      0.4,     0.66

 1298.61,    0,      0.9,     0.36,    -9.91,     0.11,      0.4,     0.66

 1305.21,    0,     0.13,     0.41,    -9.88,     0.11,      0.4,     0.65

 1311.82,    0,      0.0,     0.39,    -9.86,     0.10,      0.4,     0.65

 1318.43,    0,     0.20,     0.20,    -9.80,      0.8,      0.1,     0.66

  1325.4,    0,     0.39,     0.10,    -9.61,      0.2,      0.0,     0.69

 1331.64,    0,     0.57,     0.13,    -9.55,      0.1,      0.0,     0.70

 1338.23,    0,     0.55,     0.28,    -9.61,      0.0,      0.1,     0.71

 1344.84,    0,     0.43,     0.35,    -9.70,      0.2,      0.2,     0.73

 1351.41,    0,     0.37,     0.31,    -9.77,      0.3,      0.0,     0.75

  1358.2,    0,     0.43,     0.19,    -9.86,      0.4,      0.0,     0.76

 1364.61,    0,     0.45,     0.21,    -9.88,      0.4,      0.0,     0.76

 1371.16,    0,     0.47,     0.25,    -9.80,      0.5,      0.0,     0.76

 1377.85,    0,     0.49,     0.23,    -9.76,      0.5,      0.0,     0.78

 1384.45,    0,     0.46,     0.29,    -9.81,      0.6,      0.1,     0.80

  1391.5,    0,     0.42,     0.31,    -9.80,      0.9,      0.3,     0.81

 1397.65,    0,     0.42,     0.31,    -9.83,     0.10,      0.5,     0.82

 1404.25,    0,     0.32,     0.39,    -9.78,     0.12,      0.7,     0.83

 1410.85,    0,     0.29,     0.38,    -9.65,     0.12,      0.9,     0.83

 1417.49,    0,     0.24,     0.50,    -9.56,     0.13,     0.11,     0.84

 1424.13,    0,     0.24,     0.33,    -9.51,     0.14,     0.11,     0.83

 1430.74,    0,     0.21,     0.28,    -9.55,     0.12,     0.14,     0.82

 1437.34,    0,     0.26,     0.27,    -9.55,      0.9,     0.13,     0.81

 1443.93,    0,     0.22,     0.32,    -9.62,      0.7,     0.12,     0.81

 1450.55,    0,     0.19,     0.27,    -9.68,      0.5,     0.12,     0.81

 1457.15,    0,     0.25,     0.17,    -9.67,      0.1,     0.11,     0.81

 1463.75,    0,     0.32,     0.10,    -9.72,      0.2,      0.9,     0.81

 1470.33,    0,     0.35,     0.11,    -9.69,      0.4,      0.7,     0.81

 1476.88,    0,     0.34,     0.14,    -9.77,      0.5,      0.5,     0.83

 1483.51,    0,     0.35,      0.7,    -9.74,      0.6,      0.5,     0.84

 1490.10,    0,     0.38,     0.10,    -9.80,      0.5,      0.5,     0.86

 1496.68,    0,     0.36,     0.18,    -9.84,      0.5,      0.6,     0.88

 1503.31,    0,     0.33,     0.21,    -9.85,      0.1,      0.5,     0.89

 1509.94,    0,     0.29,     0.19,    -9.87,      0.0,      0.7,     0.91

 1516.48,    0,     0.26,     0.16,    -9.88,      0.1,      0.6,     0.90

 1523.11,    0,     0.27,     0.19,    -9.86,      0.0,      0.5,     0.91

 1529.68,    0,     0.14,     0.25,    -9.84,      0.2,      0.3,     0.91

 1536.29,    0,      0.0,     0.41,    -9.77,      0.3,      0.0,     0.92

 1542.88,    0,      0.4,     0.45,    -9.68,      0.5,      0.0,     0.91

 1549.48,    0,     0.10,     0.54,    -9.70,      0.6,      0.0,     0.91

 1556.12,    0,     0.24,     0.63,    -9.72,      0.7,      0.0,     0.91

 1562.69,    0,     0.39,     0.64,    -9.68,      0.6,      0.0,     0.89

 1569.27,    0,     0.40,     0.57,    -9.73,      0.7,      0.2,     0.89

 1575.88,    0,     0.21,     0.53,    -9.72,      0.7,      0.4,     0.88

 1582.49,    0,     0.15,     0.44,    -9.74,      0.7,      0.4,     0.88

  1589.9,    0,     0.13,     0.44,    -9.77,      0.8,      0.3,     0.88

 1595.69,    0,      0.9,     0.43,    -9.78,      0.7,      0.2,     0.89

 1602.28,    0,      0.0,     0.41,    -9.93,      0.5,      0.1,     0.89

 1608.87,    0,      0.4,     0.37,    -10.6,      0.4,      0.1,     0.89

 1615.46,    0,      0.1,     0.30,    -10.7,      0.6,      0.2,     0.90

  1622.1,    0,     0.14,     0.36,    -10.1,      0.8,      0.4,     0.94

 1628.60,    0,     0.25,     0.40,    -9.90,      0.8,      0.5,     0.93

 1635.28,    0,     0.42,     0.54,    -9.81,      0.7,      0.4,     0.93

 1641.87,    0,     0.62,     0.66,    -9.74,      0.5,      0.2,     0.92

 1648.45,    0,     0.69,     0.72,    -9.74,      0.2,      0.0,     0.91

  1655.1,    0,     0.78,     0.73,    -9.72,      0.2,      0.2,     0.89

 1661.61,    0,     0.72,     0.71,    -9.74,      0.2,      0.5,     0.88

 1668.28,    0,     0.76,     0.73,    -9.75,      0.1,      0.7,     0.86

 1674.88,    0,     0.72,     0.60,    -9.77,      0.0,      0.9,     0.85

 1681.48,    0,     0.72,     0.57,    -9.77,      0.0,     0.11,     0.85

 1688.14,    0,     0.74,     0.57,    -9.78,      0.0,     0.11,     0.84

 1694.78,    0,     0.80,     0.63,    -9.89,      0.0,     0.11,     0.83

 1701.37,    0,     0.78,     0.58,    -10.0,      0.1,     0.11,     0.83

 1707.97,    0,     0.70,     0.50,    -10.9,      0.0,      0.9,     0.82

 1714.52,    0,     0.63,     0.36,    -10.6,      0.0,      0.7,     0.82

 1721.16,    0,     0.50,     0.34,    -9.98,      0.2,      0.6,     0.80

 1727.67,    0,     0.38,     0.40,    -9.92,      0.3,      0.4,     0.80

 1734.29,    0,     0.39,     0.42,    -9.88,      0.2,      0.4,     0.80

 1740.90,    0,     0.41,     0.38,    -9.92,      0.1,      0.5,     0.81

 1747.50,    0,     0.26,     0.30,    -9.94,      0.0,      0.4,     0.82

 1754.12,    0,     0.24,     0.19,    -9.96,      0.1,      0.4,     0.83

 1760.75,    0,     0.24,     0.21,    -9.94,      0.1,      0.3,     0.83

 1767.40,    0,     0.31,     0.23,    -9.84,      0.2,      0.5,     0.84

 1773.98,    0,     0.37,     0.29,    -9.76,      0.3,      0.6,     0.84

 1780.52,    0,     0.47,     0.37,    -9.65,      0.4,      0.7,     0.82

 1787.12,    0,     0.47,     0.50,    -9.66,      0.4,      0.9,     0.81

 1793.71,    0,     0.50,     0.49,    -9.65,      0.4,      0.9,     0.80

 1800.31,    0,     0.37,     0.53,    -9.66,      0.0,      0.8,     0.78

 1806.92,    0,     0.30,     0.46,    -9.72,      0.2,      0.7,     0.78

 1813.54,    0,     0.20,     0.35,    -9.83,      0.3,      0.6,     0.78

 1820.19,    0,      0.1,     0.15,    -9.91,      0.5,      0.3,     0.79

 1826.76,    0,      0.3,      0.2,    -10.2,      0.7,      0.0,     0.80

 1833.33,    0,      0.1,      0.7,    -10.1,      0.8,      0.1,     0.82

 1839.93,    0,     0.17,     0.14,    -9.96,      0.7,      0.2,     0.84

 1846.53,    0,     0.33,     0.24,    -9.89,      0.6,      0.2,     0.86

 1853.13,    0,     0.48,     0.30,    -9.77,      0.4,      0.1,     0.86

 1859.72,    0,     0.66,     0.49,    -9.69,      0.3,      0.1,     0.86

 1866.32,    0,     0.78,     0.54,    -9.59,      0.3,      0.4,     0.86

 1872.92,    0,     0.78,     0.61,    -9.57,      0.3,      0.7,     0.84

 1879.52,    0,     0.83,     0.70,    -9.68,      0.3,      0.8,     0.82

 1886.12,    0,     0.72,     0.64,    -9.81,      0.5,     0.10,     0.82

 1892.72,    0,     0.39,     0.53,    -10.0,      0.8,      0.9,     0.82

 1899.34,    0,     0.15,     0.44,   -10.16,     0.10,      0.5,     0.83

  1906.3,    0,      0.5,     0.38,   -10.29,     0.10,      0.2,     0.84

 1912.63,    0,      0.0,     0.38,   -10.37,      0.9,      0.0,     0.85

 1919.22,    0,      0.0,     0.46,   -10.35,      0.6,      0.0,     0.86

 1925.79,    0,      0.1,     0.50,   -10.23,      0.5,      0.0,     0.87

 1932.41,    0,     0.12,     0.65,   -10.13,      0.3,      0.1,     0.88

  1939.1,    0,     0.23,     0.77,    -9.97,      0.0,      0.3,     0.89

 1945.58,    0,     0.26,     0.80,    -10.2,      0.4,      0.7,     0.89

 1952.15,    0,     0.27,     0.68,    -9.95,      0.6,     0.11,     0.90

 1958.79,    0,     0.16,     0.53,    -10.5,      0.5,     0.12,     0.91

 1965.44,    0,      0.3,     0.44,   -10.16,      0.4,     0.11,     0.91

  1972.4,    0,      0.1,     0.41,   -10.26,      0.2,      0.9,     0.90

 1978.60,    0,      0.7,     0.42,   -10.33,      0.1,      0.6,     0.91

 1985.22,    0,     0.19,     0.51,   -10.36,      0.0,      0.2,     0.93

 1991.80,    0,     0.25,     0.58,   -10.41,      0.0,      0.0,     0.92

 1998.42,    0,     0.35,     0.62,   -10.32,      0.0,      0.3,     0.91

  2005.2,    0,     0.44,     0.62,   -10.14,      0.0,      0.4,     0.90

 2011.62,    0,     0.60,     0.68,    -9.87,      0.1,      0.2,     0.88

 2018.20,    0,     0.67,     0.64,    -9.57,      0.2,      0.0,     0.88

 2024.82,    0,     0.58,     0.52,    -9.44,      0.2,      0.3,     0.88

 2031.35,    0,     0.69,     0.49,    -9.41,      0.3,      0.7,     0.88

 2037.95,    0,     0.74,     0.55,    -9.53,      0.6,     0.12,     0.86

 2044.55,    0,     0.73,     0.49,    -9.70,     0.10,     0.16,     0.86

 2051.21,    0,     0.67,     0.30,    -9.83,     0.11,     0.20,     0.84

 2057.85,    0,     0.50,     0.19,    -9.98,     0.10,     0.21,     0.83

 2064.46,    0,     0.30,     0.13,    -9.94,      0.8,     0.21,     0.84

  2071.6,    0,     0.12,      0.0,    -9.98,      0.7,     0.16,     0.86

 2077.64,    0,     0.22,      0.8,    -10.3,      0.4,     0.13,     0.86

 2084.22,    0,     0.25,      0.1,   -10.10,      0.2,      0.8,     0.88

 2090.78,    0,     0.25,     0.17,   -10.14,      0.1,      0.7,     0.90

 2097.45,    0,     0.26,     0.27,    -10.8,      0.2,      0.5,     0.90

  2104.5,    0,     0.23,     0.31,    -10.0,      0.3,      0.4,     0.91

 2110.61,    0,     0.17,     0.39,    -9.88,      0.2,      0.5,     0.92

 2117.25,    0,     0.18,     0.31,    -9.73,      0.1,      0.5,     0.94

 2123.86,    0,      0.7,     0.24,    -9.60,      0.1,      0.6,     0.94

 2130.43,    0,      0.1,     0.23,    -9.56,      0.3,      0.8,     0.94

 2136.98,    0,      0.3,     0.23,    -9.50,      0.4,     0.10,     0.94

 2143.63,    0,      0.2,     0.22,    -9.52,      0.5,     0.12,     0.95

 2150.22,    0,      0.7,     0.21,    -9.60,      0.4,     0.12,     0.95

 2156.87,    0,     0.15,     0.22,    -9.72,      0.2,     0.11,     0.95

 2163.47,    0,     0.17,     0.18,    -9.82,      0.0,      0.8,     0.97

  2170.8,    0,     0.12,     0.20,    -9.85,      0.3,      0.5,     0.97

 2176.65,    0,      0.6,     0.30,    -9.83,      0.5,      0.4,     0.97

 2183.15,    0,      0.0,     0.40,    -9.80,      0.5,      0.3,     0.96

 2189.71,    0,      0.4,     0.51,    -9.77,      0.2,      0.3,     0.96

 2196.30,    0,     0.10,     0.49,    -9.69,      0.1,      0.7,     0.96

 2202.98,    0,      0.7,     0.41,    -9.71,      0.0,      0.9,     0.97

 2209.59,    0,      0.5,     0.35,    -9.72,      0.3,     0.10,     0.98

 2216.19,    0,      0.1,     0.31,    -9.80,      0.7,     0.13,     0.98

 2222.79,    0,     0.10,     0.34,    -9.94,      0.7,     0.13,     0.99

 2229.47,    0,      0.7,     0.20,    -9.98,      0.7,     0.12,      1.0

  2236.9,    0,      0.3,     0.19,    -10.0,      0.5,     0.11,      1.0

 2242.68,    0,      0.5,     0.26,    -9.98,      0.4,      0.8,      1.1

 2249.28,    0,     0.11,     0.32,    -9.90,      0.4,      0.6,      1.1

 2255.89,    0,     0.19,     0.36,    -9.80,      0.3,      0.6,      1.0

 2262.54,    0,     0.11,     0.64,    -9.72,      0.4,      0.3,      1.2

 2269.13,    0,     0.24,     0.27,    -9.63,      0.5,      0.2,     0.98

 2275.68,    0,     0.26,     0.32,    -9.64,      0.0,      0.6,     0.96

 2282.27,    0,     0.11,     0.41,    -9.54,      0.1,      0.8,     0.96

 2288.87,    0,      0.5,     0.39,    -9.56,      0.1,      0.7,     0.97

 2295.40,    0,      0.3,     0.31,    -9.52,      0.4,      0.9,     0.98

  2302.1,    0,     0.12,     0.19,    -9.57,      0.6,     0.12,      1.1

 2308.68,    0,     0.34,      0.4,    -9.57,      0.6,     0.10,      1.3

 2315.29,    0,     0.27,      0.6,    -9.61,      0.6,      0.9,      1.6

 2321.89,    0,     0.27,      0.6,    -9.61,      0.7,      0.7,      1.7

 2328.49,    0,     0.17,     0.14,    -9.50,      0.5,      0.9,      1.7

 2335.11,    0,     0.20,     0.11,    -9.35,      0.2,     0.12,      1.8

 2341.77,    0,      0.2,      0.0,    -9.26,      0.0,     0.16,     1.10

 2348.36,    0,      0.3,      0.2,    -9.25,      0.1,     0.18,     1.10

 2354.98,    0,      0.6,      0.7,    -9.29,      0.3,     0.19,      1.6

 2361.55,    0,     0.22,      0.8,    -9.34,      0.3,     0.22,      1.3

  2368.9,    0,     0.25,     0.26,    -9.41,      0.2,     0.24,      1.1

 2374.70,    0,     0.28,     0.42,    -9.43,      0.4,     0.27,     0.99

 2381.30,    0,     0.27,     0.37,    -9.55,      0.5,     0.30,     0.98

 2387.90,    0,     0.13,     0.21,    -9.59,      0.6,     0.33,     0.98

 2394.50,    0,     0.11,     0.12,    -9.80,      0.8,     0.32,      1.1

 2401.12,    0,     0.27,      0.5,    -10.1,     0.10,     0.27,      1.5

 2407.77,    0,     0.38,     0.18,   -10.21,      0.8,     0.22,      1.7

 2414.40,    0,     0.42,     0.28,   -10.31,      0.5,     0.16,      1.8

  2421.5,    0,     0.43,     0.20,   -10.25,      0.1,     0.11,      1.8

 2427.65,    0,     0.41,     0.14,    -10.9,      0.6,      0.8,      1.9

 2434.22,    0,     0.35,      0.1,    -9.92,      0.9,      0.5,      1.9

 2440.80,    0,     0.17,     0.20,    -9.59,     0.10,      0.5,      1.8

 2447.40,    0,     0.16,     0.33,    -9.28,      0.9,      0.7,      1.8

 2453.99,    0,     0.44,     0.50,     -9.9,      0.6,     0.15,      1.6

 2460.58,    0,     0.51,     0.45,     -9.3,      0.2,     0.22,      1.6

 2467.12,    0,     0.66,     0.37,     -9.9,      0.1,     0.28,      1.4

 2473.71,    0,     0.87,     0.31,    -9.25,      0.6,     0.36,     0.98

 2480.28,    0,     0.66,     0.21,    -9.38,      0.6,     0.39,     0.94

 2486.85,    0,     0.49,     0.30,    -9.60,      0.7,     0.40,     0.91

 2493.48,    0,     0.35,     0.25,    -9.78,      0.4,     0.39,     0.91

 2500.12,    0,      0.5,      0.4,    -9.79,      0.0,     0.36,     0.91

 2506.65,    0,     0.47,     0.12,    -10.2,      0.6,     0.27,     0.94

 2513.31,    0,     0.57,     0.10,    -9.99,     0.12,     0.20,     0.95

 2519.93,    0,     0.59,     0.21,    -9.87,     0.18,     0.14,     0.97

 2526.57,    0,     0.42,     0.38,    -9.80,     0.20,     0.12,     0.99

 2533.18,    0,     0.16,     0.60,    -9.68,     0.22,     0.12,      1.0

 2539.80,    0,     0.28,     0.94,    -9.65,     0.19,     0.17,      1.0

 2546.40,    0,     0.80,    -1.23,    -9.64,     0.12,     0.25,     0.98

  2553.7,    0,     1.14,    -1.35,    -9.68,      0.2,     0.36,     0.96

 2559.68,    0,     1.37,    -1.43,    -9.69,      0.6,     0.47,     0.92

 2566.27,    0,     1.35,    -1.46,    -9.66,     0.13,     0.57,     0.88

 2572.88,    0,     1.14,    -1.43,    -9.71,     0.19,     0.62,     0.85

 2579.48,    0,     0.53,     0.94,    -9.86,     0.20,     0.61,     0.82

  2586.1,    0,      0.0,     0.58,    -10.7,     0.17,     0.55,     0.79

 2592.53,    0,     0.29,     0.50,   -10.32,     0.12,     0.47,     0.80

 2599.22,    0,     0.89,     0.20,   -10.38,      0.4,     0.45,     0.83

 2605.79,    0,    -1.42,      0.0,   -10.52,      0.2,     0.38,     0.87

 2612.39,    0,     -2.3,     0.38,   -10.66,     0.11,     0.29,     0.92

  2619.3,    0,    -2.54,     0.65,   -10.54,     0.21,     0.17,     0.99

 2625.65,    0,    -2.75,     0.78,   -10.39,     0.23,      0.7,      1.1

 2632.32,    0,    -2.76,     0.71,   -10.24,     0.21,      0.0,      1.2

 2638.92,    0,    -2.41,     0.59,   -10.16,     0.13,      0.2,      1.5