----time, Mpow,     accX,     accY,     accZ,    gyroX,    gyroY,    gyroZ

     6.3,  768,      0.2,      0.0,    -9.81,      0.0,      0.0,      0.2

   11.81,  768,      0.2,      0.3,    -9.78,      0.0,      0.0,      0.4

   18.11,  768,     0.25,      0.7,    -9.80,      0.0,      0.0,      0.4

   24.60,  768,     0.35,     0.16,    -9.74,      0.1,      0.0,      0.1

   31.14,  768,     1.74,     0.17,    -9.90,      0.1,      0.1,     0.12

   37.82,  768,     0.48,     0.34,    -9.85,      0.3,      0.0,     0.18

   44.40,  768,    -2.83,     0.10,    -9.61,      0.2,      0.3,      0.9

    51.1,  768,     4.43,     0.11,   -10.44,      0.1,      0.4,      0.9

   57.68,  768,    -4.27,     0.78,   -10.50,     0.17,      0.3,      0.3

   64.29,  768,    -1.12,     3.88,    -14.9,     0.25,     0.29,     0.44

   70.98,  768,     4.33,    -4.17,    -9.68,     0.60,     0.18,     0.87

   77.68,  768,   -14.45,      0.3,   -18.52,     0.83,     0.14,     0.13

   84.27,  768,    -1.21,      2.5,     4.51,     0.78,      0.0,     0.68

   90.80,  768,     7.17,     -9.6,    -5.43,    -1.40,     0.44,     1.10

   97.58,  768,    -5.30,     3.83,   -19.19,      2.8,     0.16,     0.89

  104.17,  768,    -5.20,    14.73,   -10.24,     1.56,     0.20,     -1.1

  110.94,  768,     1.50,     0.94,    -3.78,     0.69,     0.38,     0.90

  117.36,  768,    -3.25,   -26.81,   -10.34,    -2.52,      0.4,     1.11

  124.12,  768,    -5.40,    -10.5,   -15.54,    -1.44,     0.76,     2.18

  130.73,  768,      9.0,    13.74,     1.18,     2.52,     0.52,     0.60

  137.33,  768,    13.31,    10.56,   -12.31,     0.13,     0.24,     0.12

  143.88,  768,    -8.50,     7.22,   -25.59,     1.13,     0.66,     0.52

  150.48,  768,   -11.43,     3.95,    -20.0,     0.32,     0.20,      0.0

  156.96,  768,     0.52,     4.41,   -13.20,     0.10,     0.91,     -1.0

  163.56,  768,    -6.44,   -20.51,    -7.37,    -2.34,      0.6,     0.51

  170.25,  768,    -8.52,   -18.80,    -5.23,    -2.54,      1.9,     1.89

  176.95,  768,     6.72,     1.19,     8.95,     0.76,     0.30,     1.36

  183.47,  768,     14.1,    -5.17,     3.34,     0.83,     0.51,     1.23

   190.5,  768,     8.96,    -3.25,    -5.34,     0.37,     0.58,     2.33

  196.67,  768,     5.87,     1.27,   -27.57,      0.7,     0.82,      2.4

  203.19,  768,     3.48,    22.13,    -9.46,     3.13,     -1.2,      0.5

  209.87,  768,    -5.17,      0.3,   -13.51,     0.90,     0.65,     0.15

  216.30,  768,   -14.89,     3.19,   -35.22,     0.79,     0.17,     0.94

  222.98,  768,    -13.1,    -2.88,   -10.27,     0.58,     0.14,     0.20

  229.59,  768,     4.33,    -5.81,    -1.48,    -1.22,     0.58,     0.47

  236.26,  768,    -1.87,   -18.88,     2.13,    -1.95,     0.58,     2.16

  242.94,  768,    -2.41,    -4.30,   -15.15,    -1.26,     0.20,     2.63

  249.55,  768,    13.99,     5.62,     1.34,     1.15,     -1.0,     1.50

  256.18,  768,    11.70,    -2.28,    -9.16,     0.12,     0.52,     1.89

  262.74,  768,     -7.2,     0.71,   -25.74,     1.47,     0.37,     2.23

  269.28,  768,     0.10,    18.49,   -10.15,     1.25,     0.30,     0.26

  275.88,  768,     2.52,     8.98,   -22.19,     0.71,    -1.12,      0.9

  282.47,  768,   -13.68,   -11.60,    -3.21,     -2.2,     0.55,     1.40

  289.15,  768,   -16.47,    -4.11,   -17.30,     0.14,     0.67,     1.32

  295.76,  768,     9.89,   -10.10,     6.11,     0.75,     0.46,     1.24

  302.30,  768,     6.37,   -17.81,    -4.24,    -1.98,      0.2,     2.69

  308.90,  768,     -1.2,    -4.24,    -11.4,     0.12,      0.7,     2.71

  315.42,  768,     7.72,    19.33,    -6.94,     2.29,     0.56,     1.20

   322.9,  768,     9.44,    12.65,   -14.99,      1.4,     0.41,     0.73

  328.69,  768,    -12.1,     6.80,   -21.38,     0.47,     0.45,     1.39

  335.29,  768,   -11.18,    11.73,   -26.89,     1.32,      0.3,     0.58

  341.92,  768,     0.81,     7.90,    -2.12,     0.49,      0.5,     0.14

  348.41,  768,    -1.55,   -18.22,     0.19,    -2.53,      0.0,     1.58

   355.7,  768,    -9.25,   -21.68,    -7.11,    -1.85,     0.34,     2.95

  361.77,  768,     2.55,      7.5,     6.79,     0.64,     0.51,     1.75

  368.28,  768,    13.54,    -1.98,    -6.83,     0.68,     0.22,     1.95

  374.91,  768,     2.52,    -2.55,   -14.99,     0.47,     0.17,     2.56

  381.50,  768,    -3.86,    18.93,   -20.25,     1.86,     0.33,     1.28

  388.19,  768,     2.75,    19.39,   -13.44,      1.9,     0.49,     0.28

  394.77,  768,     -1.0,    -6.79,   -22.78,     -1.0,     0.13,     0.67

  401.29,  768,   -17.39,   -18.60,    -9.84,    -1.63,     0.55,     1.74

   408.0,  768,    -1.37,     0.18,     1.67,      0.9,     0.32,     0.97

  414.33,  768,     9.64,   -14.72,    -2.33,    -1.32,     0.45,      2.2

   421.9,  768,     2.86,   -10.91,     -8.8,    -1.13,     0.16,     3.10

  427.76,  768,     -4.2,    16.13,   -14.31,     1.32,     0.19,     2.16

  434.38,  768,     9.63,    19.76,   -17.19,     1.75,     0.43,     0.64

  440.97,  768,     0.81,     9.10,   -22.69,     0.59,     0.10,     1.30

  447.50,  768,   -16.99,     2.94,   -22.38,     0.61,     0.46,     1.11

  454.13,  768,      0.7,     10.5,    -3.85,     0.58,     0.34,      0.1

  460.54,  768,     2.92,   -18.72,     1.23,    -2.49,     0.12,     1.55

  467.32,  768,    -3.13,    -21.1,    -9.20,    -2.53,     0.29,     3.17

   474.0,  768,     2.21,     0.68,     3.12,     1.10,     0.49,     2.42

  480.52,  768,    13.97,    10.57,     0.18,     0.83,      0.6,     1.69

  487.10,  768,     2.44,     2.42,   -14.91,      1.4,     0.35,     2.40

  493.72,  768,    -4.54,     7.90,   -24.23,     1.23,     0.37,     1.63

  500.39,  768,     1.10,    21.13,   -13.19,      2.2,     0.84,      0.6

  506.93,  768,    -3.41,     -3.8,    -7.16,    -1.71,      0.1,     0.62

  513.45,  768,   -13.27,   -21.37,    -7.26,     -2.7,     0.62,     2.18

  520.13,  768,    -1.22,    -5.66,     7.56,     0.46,      0.3,     1.89

  526.70,  768,     10.7,    -8.80,     5.15,     0.95,     0.17,     2.12

  533.31,  768,     3.37,    -6.70,    -9.72,     0.33,     0.42,     3.33

  539.92,  768,      3.0,    -3.13,   -23.50,     0.29,     0.35,     2.89

  546.52,  768,     7.84,    19.74,     -6.9,     2.48,    -1.20,     0.94

  553.14,  768,    -1.94,     8.81,   -19.53,     0.15,     0.19,     1.30

  559.72,  768,   -15.95,     3.59,   -32.76,     0.54,     0.71,     1.86

  566.34,  768,    -2.96,     3.54,   -14.13,     0.41,      0.4,     0.80

  572.84,  768,     1.52,   -10.38,     0.57,    -1.93,     0.43,     1.62

  579.52,  768,    -4.12,    -14.2,     1.82,    -2.20,     0.58,     3.40

  586.15,  768,     3.20,      0.0,     1.98,     0.25,     0.29,     3.31

  592.59,  768,    14.62,     2.60,      0.2,      1.0,     0.60,     2.48

  599.23,  768,     0.50,     2.61,   -15.24,     0.85,     0.63,     3.30

  605.85,  768,    -3.44,     8.59,   -26.39,     1.43,     0.21,     2.62

  612.61,  768,     2.54,    25.41,   -15.34,     1.91,     0.70,     0.57

  619.22,  768,     -3.2,    -1.65,    -9.60,     0.52,     0.46,     1.32

  625.73,  768,   -14.83,    -9.29,    -6.58,    -1.86,     0.61,     2.49

  632.41,  768,   -14.19,    -3.67,    -8.27,     0.40,      0.2,      2.1

  638.94,  768,     8.66,    -11.4,     5.13,     0.93,     0.29,     2.26

  645.53,  768,      4.4,    -16.6,    -2.61,    -1.14,     0.21,     3.82

  652.16,  768,    -3.36,    -4.84,   -22.12,     0.60,     0.16,     3.72

  658.76,  768,    11.28,    19.53,    -7.99,     2.34,     0.73,     1.65

  665.43,  768,     7.48,     9.88,   -16.59,     0.68,     0.46,      2.7

  671.95,  768,   -17.81,     6.52,    -29.7,     0.65,     0.68,     2.32

  678.55,  768,    -6.82,    16.96,   -15.23,     1.35,     0.10,     1.12

  685.24,  768,     1.77,    -14.4,     0.80,    -1.56,     0.37,     1.70

  691.81,  768,    -2.75,   -18.49,    -1.83,    -2.68,     0.39,     3.88

  698.43,  768,    -4.68,    -11.8,     0.37,     0.25,     0.54,     3.89

  704.87,  768,    14.73,     4.71,    -2.68,     0.83,     0.53,      3.0

  711.47,  768,     7.95,     -2.1,   -11.64,     0.78,     0.53,     3.84

  718.16,  768,    -4.27,     4.76,    -22.3,     0.99,     0.72,     3.32

  724.76,  768,     0.29,    26.67,   -15.75,      2.4,     0.93,     1.36

  731.44,  768,     0.28,     9.96,   -18.24,     0.85,      0.5,     1.64

  737.93,  768,   -15.77,   -22.77,   -12.94,     -2.7,     0.54,     3.26

  744.64,  768,    -5.47,    -3.25,      5.9,     0.22,     0.25,     2.87

  751.16,  768,    11.21,   -10.32,     6.88,     0.99,     0.13,     3.45

  757.77,  768,     4.18,   -10.21,    -7.74,     0.87,      0.7,     4.50

  764.35,  768,    -2.84,    -8.83,    -20.2,     0.90,      0.4,     3.96

  770.88,  768,     7.66,    21.10,   -16.71,     2.12,     0.56,     1.66

  777.64,  768,     0.40,     12.4,   -23.56,     0.53,      0.4,     2.41

  784.15,  768,   -17.63,    -1.34,   -34.57,     0.28,     0.33,     2.72

  790.77,  768,     -3.4,     5.57,     2.59,     0.34,     0.22,     1.58

  797.34,  768,     0.63,   -11.32,     1.37,    -2.32,     0.25,     2.94

   804.3,  768,    -2.69,   -19.18,     -7.5,    -2.13,     0.57,     4.52

  810.64,  768,     4.94,     1.48,     4.92,     0.91,     0.30,     3.81

  817.16,  768,    14.68,     4.91,     0.47,     0.58,     0.41,     3.33

  823.69,  768,     0.43,     3.58,   -16.22,     0.67,     0.44,     3.84

  830.28,  768,    -5.54,     3.86,   -29.26,     1.43,     0.55,     2.72

   837.4,  768,     0.24,    11.11,   -13.26,     0.81,     0.80,     1.42

  843.57,  768,    -1.60,     3.71,   -17.32,     0.89,     0.42,     2.34

  850.17,  768,    -22.8,   -20.30,   -15.22,     -2.1,     0.81,     3.43

  856.86,  768,     4.88,     0.70,     8.39,     0.38,     0.47,     2.55

  863.31,  768,     8.48,   -14.12,     3.40,    -1.28,     0.21,     3.76

   870.6,  768,    -1.71,   -15.15,   -13.34,    -1.57,     0.23,     4.98

  876.73,  768,     4.18,    12.77,    -3.99,     1.93,     0.86,     3.68

  883.28,  768,     11.1,    13.49,    -9.72,     1.52,     0.44,     2.47

  889.89,  768,    -9.75,     6.19,   -26.38,     0.65,     0.60,     3.14

  896.46,  768,   -14.38,      9.9,   -30.69,     1.15,     0.49,     2.57

   903.8,  768,    -2.54,     -5.4,     0.40,     0.47,     0.26,     1.83

  909.57,  768,    -1.27,   -14.65,     0.92,    -2.33,     0.71,     3.47

  916.19,  768,   -11.67,   -26.49,    -12.1,    -1.52,     0.63,     4.62

  922.88,  768,    13.11,     8.83,     1.76,     0.69,     0.13,     3.57

  929.40,  768,    13.78,    -1.89,    -5.78,     0.52,     0.42,     3.67

  935.98,  768,     3.61,     5.90,   -13.59,     0.66,     0.37,     4.10

  942.59,  768,    -3.42,    21.95,   -13.40,     2.98,     0.44,     2.69

  949.28,  768,     0.13,    15.51,    -9.63,     0.17,     0.22,     1.64

  955.80,  768,   -10.29,    -2.24,   -26.48,     0.37,     0.13,     2.69

  962.46,  768,    -15.3,   -17.65,   -13.32,    -1.76,      0.9,     3.26

  969.15,  768,    -3.60,    10.53,    -4.59,     0.54,     0.44,     2.33

  975.68,  768,      7.6,   -15.82,     1.10,    -1.61,     0.21,     3.84

  982.28,  768,      3.9,   -22.67,   -19.75,     -2.7,     0.48,      5.9

  988.83,  768,     8.41,    15.91,     2.75,     2.45,    -1.18,     3.32

  995.58,  768,     9.85,    11.81,   -14.87,     0.20,      0.3,     2.95

  1002.8,  768,    -2.20,     2.14,   -19.95,      1.2,     0.87,     3.28

 1008.70,  768,    -7.38,    13.61,   -10.98,     0.95,     0.25,     2.56

 1015.29,  768,     -2.2,    18.95,   -14.94,     0.43,     0.85,     1.48

 1021.88,  768,    -6.77,   -20.12,    -2.89,    -2.76,     0.41,     3.16

 1028.56,  768,    -7.48,   -11.95,   -10.64,     -1.8,      0.4,     3.92

 1035.11,  768,     4.53,    -3.35,    10.99,      0.6,     0.55,     3.11

 1041.64,  768,    11.66,    -6.60,    -6.63,    -1.37,     0.15,     4.10

 1048.31,  768,     0.20,   -15.72,    -24.7,     0.13,     0.28,     4.90

 1054.82,  768,     4.55,    23.16,    -6.88,     2.28,     0.30,     3.23

 1061.51,  768,     1.20,     14.9,   -17.64,     1.55,     0.28,     2.28

 1068.10,  768,    -8.37,     3.30,   -19.10,     0.90,     0.56,     3.21

 1074.69,  768,   -11.16,    13.84,    -31.6,     1.26,     0.10,     2.92

 1081.37,  768,     0.58,    -3.53,     7.58,     0.76,     0.20,     2.41

 1087.88,  768,     1.95,    -8.45,    -5.86,    -2.75,     0.41,     4.31

 1094.52,  768,     -1.2,    -6.21,     1.89,     0.38,     0.32,     5.70

  1101.3,  768,    10.91,     8.85,      0.2,      1.5,     0.12,     4.32

 1107.61,  768,     9.36,     3.67,    -3.60,     0.57,     0.10,     4.30

 1114.21,  768,    -3.42,    -1.56,    -35.4,     0.41,     0.12,     4.83

 1120.81,  768,    -6.82,     23.0,   -18.71,      3.4,     0.21,     3.33

 1127.50,  768,    -1.31,     2.97,    -2.93,     0.67,      0.4,     2.58

  1134.2,  768,    -9.95,    -2.88,   -25.96,    -1.42,     0.25,     4.21

 1140.71,  768,   -20.12,   -14.57,   -12.62,    -1.44,     0.51,     4.78

 1147.39,  768,     7.58,    -2.13,     9.16,     0.26,     0.28,      4.3

 1153.89,  768,    10.68,   -13.71,      1.5,    -1.17,      0.2,     5.18

 1160.51,  768,     0.26,   -11.68,   -29.25,    -1.38,     0.23,     6.21

 1167.14,  768,     4.33,    16.54,    -1.85,     3.16,     0.80,     4.57

 1173.79,  768,     8.38,    15.83,    -12.5,     0.32,     0.21,     3.58

 1180.31,  768,    -5.89,     9.44,   -28.42,     0.37,      0.7,     4.42

 1186.83,  768,   -15.30,     5.34,    -8.77,     0.59,     0.10,     4.17

 1193.44,  768,     1.67,      0.3,     3.20,     0.23,     0.63,     3.57

 1199.96,  768,     1.18,   -20.28,    -1.85,    -2.44,      0.8,     5.34

 1206.66,  768,    -5.79,   -14.18,   -15.80,    -2.40,     0.53,      7.4

 1213.33,  768,     8.59,     9.91,     3.55,     1.87,     0.90,     5.75

 1219.92,  768,    15.30,     8.63,    -8.65,     0.70,     0.25,      5.1

 1226.45,  768,    -2.58,     6.38,   -12.58,     0.78,     0.11,     5.65

  1233.5,  768,   -10.62,     11.9,    -27.7,     1.26,     0.16,      5.9

 1239.71,  768,    -1.68,    27.53,   -14.22,     0.96,     0.41,     3.56

 1246.32,  768,    -7.31,   -18.28,   -15.38,    -1.96,     0.14,     4.32

  1253.1,  768,   -11.51,   -14.22,    -3.44,    -2.61,     0.43,     5.79

 1259.61,  768,     -9.2,     0.73,     6.84,     0.43,     0.26,     5.48

  1266.5,  768,    12.35,     -7.6,      6.2,     0.88,     0.11,     5.68

 1272.64,  768,     8.91,   -17.89,   -13.12,    -1.95,     0.27,     6.90

 1279.33,  768,     0.30,     9.50,    -7.40,     2.33,     0.22,     6.76

 1285.94,  768,     5.88,    19.94,    -6.66,     1.78,      0.5,     4.75

 1292.55,  768,     8.96,    14.37,   -15.97,     0.85,     0.73,     4.56

 1299.14,  768,   -14.87,     0.62,   -13.12,     0.51,      0.9,     5.37

 1305.63,  768,   -18.13,    16.89,    -24.3,     1.10,     0.51,     4.77

 1312.36,  768,     1.49,    -7.55,     4.83,     0.67,     0.41,     4.58

 1318.86,  768,     3.72,   -17.80,    -3.43,    -3.77,     0.73,     6.40

 1325.56,  768,    -6.41,   -18.33,    -1.91,      0.2,     -1.8,     7.37

 1332.14,  768,     6.95,     11.0,    -2.54,      1.7,      0.7,     6.55

 1338.75,  768,    15.79,      4.3,    -3.74,     1.11,     0.56,     5.95

 1345.34,  768,     1.12,    -2.70,   -26.61,     0.44,     0.17,     6.86

 1351.94,  768,    -4.78,    23.57,   -19.64,     2.96,    -1.24,     5.76

 1358.67,  768,     -3.9,    22.15,    -9.31,     1.19,     0.79,     4.57

 1365.18,  768,    -3.55,     0.10,   -12.27,     0.80,     0.13,      5.9

 1371.65,  768,   -17.66,   -21.27,   -13.17,    -1.59,     0.61,     6.48

 1378.42,  768,    -8.92,     0.69,    -8.43,     0.13,     0.55,     5.97

 1384.86,  768,     9.40,     -9.2,     7.84,     -1.8,     -1.5,     5.97

 1391.47,  768,     7.85,   -14.21,    -2.90,    -2.48,     0.30,     7.60

 1398.15,  768,     0.78,      6.6,    -2.75,     2.45,     0.57,     7.60

 1404.70,  768,     6.88,    13.96,     -4.0,      1.3,     0.24,     5.89

 1411.29,  768,    12.65,    26.88,   -20.18,      2.1,    -1.25,     5.43

  1418.6,  768,   -16.97,    -3.24,   -12.17,     0.30,     0.12,     6.21

 1424.56,  768,   -14.72,     6.49,    -5.30,     0.80,     0.55,     5.40

 1431.14,  768,     2.40,     -7.1,     5.14,     -1.8,     0.56,     4.94

 1437.76,  768,    -5.56,   -23.52,    -9.96,    -2.89,     0.23,     6.67

 1444.37,  768,   -16.25,   -24.84,    -8.21,    -1.14,     0.59,     7.74

  1451.4,  768,    14.21,     7.78,     2.84,     0.66,     0.28,     6.71

 1457.56,  768,    14.50,    -5.21,    -1.54,     0.53,     0.86,     6.92

 1464.15,  768,    -4.72,    -1.91,    -8.39,    -1.15,      1.8,     7.80

 1470.78,  768,      2.6,    26.39,   -19.88,     4.76,    -1.42,      6.3

 1477.45,  768,     2.71,    13.40,     -5.8,     0.85,     0.32,     4.92

 1483.91,  768,   -10.89,    -8.81,    -7.56,    -3.36,     1.21,     5.90

 1490.66,  768,   -16.33,     0.60,   -10.40,     1.16,     0.79,     5.94

 1497.24,  768,    -9.49,    -6.19,     3.44,     0.73,     0.29,      5.7

 1503.69,  768,     4.85,   -10.61,    -4.56,    -1.77,     0.14,     6.15

 1510.37,  768,    -9.93,   -23.93,    -5.97,    -1.45,     0.26,     7.80

  1517.4,  768,     8.62,     3.86,     7.49,     0.16,      0.2,     6.87

 1523.49,  768,    17.12,     0.76,    -4.96,     0.78,     0.83,     6.62

  1530.8,  768,     -4.0,    -6.38,    -16.5,     0.43,     0.29,     7.68

 1536.68,  768,     1.94,    25.67,   -20.68,     3.60,     0.54,     6.40

 1543.38,  768,     6.31,    16.77,    -7.52,      1.9,      0.3,     5.12

 1549.99,  768,    -3.18,    16.14,   -31.93,     0.91,     0.69,     5.64

 1556.58,  768,   -21.17,    -4.60,   -14.88,     0.24,     0.18,     5.91

 1563.18,  768,    -8.52,     5.46,    -23.1,     1.67,     0.20,     4.66

 1569.78,  768,      0.4,    -17.6,     2.53,    -1.28,     0.36,     5.74

 1576.32,  768,    -3.48,   -17.82,     0.15,    -3.25,      0.4,     7.54

 1582.91,  768,    11.92,    11.16,    -2.61,     1.49,    -1.79,     6.62

 1589.67,  768,    14.81,    -2.42,    -2.84,     0.24,     0.51,     6.44

 1596.18,  768,      8.6,    -9.36,   -12.16,     0.87,      1.3,     7.30

 1602.80,  768,     6.58,     6.58,    -24.5,     0.71,     0.79,     6.36

 1609.32,  768,     7.65,    26.50,   -19.41,     2.39,    -2.13,     4.46

  1616.7,  768,    -1.90,    -4.70,   -15.34,     -1.8,     0.10,      5.2

 1622.59,  768,   -21.28,     7.19,   -24.34,     0.91,     1.67,     5.39

 1629.22,  768,    -4.18,    -1.32,    -3.15,     0.49,     0.23,     4.47

 1635.78,  768,     4.32,    -15.4,     0.72,    -2.10,     0.89,     5.15

 1642.33,  768,    -3.21,    -17.9,     0.74,    -1.48,      0.4,     6.75

 1648.91,  768,     6.93,     4.30,    -9.59,     0.59,      0.8,     6.42

 1655.50,  768,    14.89,     4.64,    -3.38,     1.65,     0.56,     5.24

 1662.19,  768,      8.3,    -1.62,    -13.5,     0.40,     0.73,     5.99

 1668.71,  768,    -5.91,    14.52,   -32.13,     2.60,     0.72,      5.3

 1675.41,  768,    -3.15,    13.63,     0.74,     0.79,     0.19,     2.99

 1681.93,  768,     3.99,    -7.63,   -26.30,    -1.31,     0.22,     3.73

 1688.61,  768,   -15.62,   -19.39,    -4.84,    -1.46,     0.21,     5.33

 1695.30,  768,    -7.50,   -11.16,     0.39,    -1.82,     0.48,     4.69

 1701.82,  768,    12.83,    -8.77,     7.68,     0.19,      0.5,     4.67

 1708.32,  768,     5.92,    -8.19,    -8.55,     0.77,     0.29,     5.99

 1714.93,  768,    -3.25,    13.13,   -19.38,     1.61,     0.73,     5.11

 1721.62,  768,     4.53,     16.7,    -8.79,      1.5,     0.26,     3.18

 1728.21,  768,      1.7,    11.17,   -23.20,     1.25,     0.31,     3.34

 1734.89,  768,   -14.44,    -8.46,   -13.53,     0.84,     0.87,     3.75

 1741.41,  768,    -1.56,     15.9,   -13.72,      1.3,     0.60,     2.38

  1748.1,  768,     0.37,    -11.5,     4.25,    -1.89,     0.28,     2.80

 1754.61,  768,     1.55,   -13.45,    -2.97,    -2.68,     0.19,     4.87

 1761.23,  768,    -2.34,    -9.67,    -6.84,     0.67,     0.60,     4.48

 1767.75,  768,    12.68,     9.57,     0.14,     0.41,     0.28,      3.1

 1774.26,  768,     3.50,     1.75,   -15.56,     1.33,     0.80,     3.76

  1781.0,  768,    -3.17,     8.82,   -20.51,     0.64,     0.22,     3.37

 1787.61,  768,     0.64,    26.20,   -17.79,     2.20,     0.93,     1.53

 1794.23,  768,    -3.26,    -5.68,    -3.17,    -1.73,      0.5,      2.7

 1800.77,  768,    -7.60,   -12.67,   -17.33,    -1.43,      0.6,     3.52

 1807.51,  768,    -3.15,    -9.25,     3.29,     0.84,      0.4,     3.49

 1813.95,  768,    12.74,    -3.59,     3.32,     0.58,     0.26,      3.8

 1820.55,  768,     4.44,    -5.49,   -11.31,      0.2,     0.38,      4.5

 1827.13,  768,     2.10,     2.30,   -21.38,     0.52,     0.34,     3.47

 1833.75,  768,     2.21,    21.91,    -7.72,     2.77,     0.88,     1.37

 1840.43,  768,    -3.33,     0.87,   -10.75,     0.73,     0.27,     1.34

 1846.96,  768,   -11.32,      6.7,   -20.67,      0.0,     0.13,     2.31

 1853.55,  768,    -6.65,    -7.34,     2.12,     0.71,     0.16,     1.78

 1860.15,  768,     6.15,    -9.51,     4.71,    -1.35,      0.0,     2.11

 1866.77,  768,      3.6,   -11.21,     0.37,    -1.60,     0.16,     3.75

 1873.35,  768,     1.33,     -9.2,   -20.31,     0.17,     0.39,     3.71

 1879.94,  768,     9.33,    14.90,    -2.17,     2.58,     0.44,     1.65

 1886.63,  768,     1.61,    10.27,   -17.46,     0.56,     0.10,     1.86

 1893.24,  768,   -12.94,     5.19,   -22.25,      1.2,     0.32,     2.29

 1899.84,  768,    -6.87,    13.21,    -21.8,     0.88,     0.36,     0.94

 1906.34,  768,     1.49,    -8.90,     0.40,    -1.69,     0.15,     0.86

 1912.86,  768,    -3.57,   -18.71,     0.64,    -2.50,     0.13,     2.91

 1919.55,  768,    -2.13,    -9.25,    -7.55,     0.92,     0.16,     3.33

 1926.15,  768,    13.62,     5.37,     0.91,      1.6,     0.47,     1.89

 1932.76,  768,    11.32,    -2.17,    -9.53,     0.34,     0.21,     2.63

 1939.36,  768,    -9.73,     4.89,   -21.79,     1.55,     0.54,     2.26

  1946.4,  768,     -1.4,    22.83,   -15.53,      2.2,     0.33,     0.69

 1952.63,  768,     3.61,    -3.19,    -16.5,     0.47,     0.68,     0.45

  1959.9,  768,    -8.17,    -14.2,    -2.70,    -2.28,      0.8,      2.0

 1965.76,  768,   -15.46,    -20.8,    -8.43,    -1.45,     0.45,     2.49

 1972.45,  768,    13.49,    -3.21,     10.6,     0.10,      0.2,     1.79

 1978.96,  768,     9.82,    -8.87,    -6.98,     0.19,     0.11,     2.82

 1985.58,  768,     0.24,     3.47,   -15.80,     0.78,     0.10,     2.70

 1992.18,  768,     0.48,    27.53,   -14.57,     2.50,     0.38,     0.77

 1998.78,  768,     1.14,    17.81,   -20.58,     0.25,     0.28,     0.13

 2005.36,  768,   -13.40,   -14.92,     -9.8,    -1.72,     0.36,     1.57

  2012.6,  768,   -10.51,     -7.5,    -5.24,     0.50,     0.19,     1.61

 2018.59,  768,     4.85,     -6.3,     8.68,     0.86,      0.5,     1.43

 2025.16,  768,     6.38,   -12.66,    -6.50,     0.93,     0.24,     2.81

 2031.77,  768,     0.74,    -6.75,   -17.12,     0.28,     0.10,     2.88

 2038.37,  768,     3.90,    22.78,    -5.37,     2.60,     0.33,     0.59

 2044.98,  768,     0.82,    13.65,   -22.10,     0.52,     0.14,     0.38

 2051.51,  768,    -9.99,      9.5,   -21.79,      0.0,     0.59,     1.20

 2058.12,  768,    -6.27,    -2.26,    -7.94,      0.3,      0.9,     0.63

 2064.69,  768,     2.78,    -7.82,     5.22,    -1.48,     0.11,     0.64

 2071.36,  768,     3.85,   -15.30,     0.61,    -1.72,     0.36,     2.21

 2077.98,  768,     0.36,   -12.54,   -17.78,     0.58,      0.7,     2.81

 2084.58,  768,     8.11,    12.56,    -1.21,     2.49,     0.36,     0.85

 2091.20,  768,     4.22,    12.62,    -21.1,     0.82,      0.5,     0.73

 2097.71,  768,    -9.48,      8.7,   -19.41,     0.85,     0.45,     1.32

 2104.37,  768,    -9.26,      7.8,    -27.1,     0.79,     0.26,     0.24

 2110.91,  768,     0.65,    -4.84,     1.60,    -1.11,      0.3,     0.16

 2117.52,  768,    -2.16,   -16.47,    -1.44,    -2.35,      0.9,     1.64

 2124.23,  768,    -3.40,   -16.60,    -2.86,     0.99,     0.24,     2.61

 2130.89,  768,    11.26,     6.18,     2.39,     1.15,     0.12,     1.56

 2137.49,  768,    13.70,     0.51,    -7.24,     0.99,     0.55,     1.72

 2143.99,  768,    -6.43,     4.62,   -19.72,     1.19,     0.52,     1.69

 2150.69,  768,    -3.72,    14.69,   -23.49,     1.67,     0.18,     0.49

 2157.28,  768,     2.20,     2.99,   -13.62,     0.31,     0.41,     0.78

 2163.79,  768,    -5.76,   -12.32,    -4.17,    -2.10,     0.16,     0.93

 2170.41,  768,   -14.56,   -19.37,    -9.30,    -1.90,     0.40,     1.89

 2177.16,  768,     9.91,     0.44,     5.79,     0.21,     0.14,     1.16

 2183.60,  768,    12.63,    -8.63,    -2.43,     0.55,     0.31,     1.78

 2190.28,  768,     3.68,     0.86,   -10.31,     0.50,     0.46,     2.38

 2196.80,  768,     0.81,    15.59,   -18.66,     1.53,     0.19,     0.62

 2203.43,  768,     4.94,     21.9,   -15.79,     1.51,     0.91,     0.82

  2210.8,  768,     -9.6,    -5.46,    -9.68,     0.90,     0.19,     0.47

 2216.55,  768,   -16.60,   -13.10,   -13.75,    -1.25,     0.53,     1.18

 2223.33,  768,     0.97,    -2.82,     2.41,     0.37,      0.4,     0.49

 2229.74,  768,     8.64,   -15.38,    -3.14,    -1.22,     0.44,     1.87

 2236.49,  768,     2.13,   -10.66,    -8.99,     0.51,     0.12,     2.46

 2243.11,  768,     3.36,    18.73,   -15.55,     1.93,     0.42,     1.24

 2249.79,  768,     5.96,    18.15,   -15.71,     1.75,     0.39,     0.27

 2256.30,  768,     -2.4,      9.8,    -22.7,     0.40,     0.30,     0.37

 2262.74,  768,   -11.81,    -1.43,   -18.61,      0.7,     0.13,     0.39

 2269.34,  768,    -2.57,     5.59,     0.52,     0.14,     0.16,     0.39

 2275.87,  768,     5.65,    -18.4,     0.97,     -2.9,     0.36,     0.94

 2282.48,  768,     0.35,   -14.87,    -6.82,    -1.47,     0.17,     2.31

 2289.21,  768,    -2.85,    -4.74,    -8.89,     1.44,     0.35,     1.45

 2295.90,  768,    11.18,    15.22,   -13.89,     1.69,      0.3,     0.20

 2302.51,  768,     0.51,     7.37,   -19.96,     0.47,     0.27,     0.89

 2308.95,  768,    -17.4,     6.14,   -21.37,     1.27,     0.30,     0.51

 2315.62,  768,     0.47,     8.99,    -2.73,     0.62,      0.7,     0.79

 2322.15,  768,     0.79,    -19.8,    -1.88,    -2.24,      0.6,     0.26

 2328.76,  768,    -2.81,   -15.85,    -2.95,     -2.4,     0.15,     2.11

 2335.53,  768,    -1.87,   -10.23,    -7.90,     0.20,      0.5,     1.87

  2342.6,  768,    14.23,     7.85,     0.49,     1.26,     0.37,     0.93

 2348.61,  768,     1.70,     2.30,   -17.51,      1.7,     0.71,     1.49

 2355.26,  768,    -6.85,     4.78,   -22.57,     1.38,     0.36,     0.75

 2361.86,  768,     1.38,    17.94,    -7.83,     1.66,     0.56,     -1.6

 2368.52,  768,     0.13,    -1.63,    -7.41,    -1.18,     0.86,     0.80

  2375.4,  768,    -7.59,   -19.14,    -5.73,    -2.13,     0.24,     1.48

 2381.74,  768,    -4.88,   -11.41,    -1.65,     0.98,     0.70,     1.49

 2388.32,  768,    13.27,    -2.18,     4.59,     0.35,      0.5,     0.83

 2394.78,  768,     4.73,    -1.60,   -14.59,     0.13,     0.15,     1.70

 2401.45,  768,    -5.52,     1.26,   -22.75,      1.8,     0.48,     1.19

 2408.12,  768,     2.41,    24.29,   -11.47,     2.24,     0.60,     0.68

 2414.74,  768,    -2.44,     6.86,   -15.95,      0.5,     0.84,     -1.6

 2421.26,  768,   -10.35,   -10.84,    -3.65,    -1.97,     0.67,     0.59

 2427.93,  768,   -11.63,   -12.38,   -12.99,    -1.26,      0.1,     0.86

 2434.53,  768,     11.3,    -6.30,     6.15,     0.40,     0.25,     0.44

  2441.4,  768,     9.72,    -14.8,    -5.22,     -1.9,     0.41,     1.83

 2447.66,  768,      0.4,    -3.42,    -23.3,     0.64,     0.46,     1.76

 2454.25,  768,     0.27,    22.40,   -11.42,     2.54,      0.2,     0.32

 2460.84,  768,     3.62,     8.50,   -18.35,     0.61,     0.14,     -1.2

 2467.45,  768,   -13.51,     0.92,   -12.37,     -1.4,     0.44,     0.14

  2474.0,  768,   -11.44,    -1.60,   -21.34,     0.24,     0.15,     0.13

 2480.64,  768,     7.14,    -9.29,     6.75,    -1.10,     0.11,     0.24

 2487.25,  768,     6.47,    -18.9,    -2.56,    -1.98,     0.51,     1.17

 2493.94,  768,     1.94,   -13.83,    -8.35,     0.51,     0.60,      2.5

 2500.49,  768,     4.88,    15.50,    -7.40,     1.91,     0.24,     0.37

 2507.14,  768,     8.60,    14.58,   -14.37,     1.27,     0.18,     0.38

 2513.75,  768,   -11.89,     7.20,   -20.29,     0.43,     0.11,     0.37

 2520.25,  768,   -14.13,      6.7,   -24.79,     0.87,     0.12,     0.11

 2526.80,  768,     0.86,     -7.7,    -1.37,     0.37,      0.6,     0.91

 2533.33,  768,      2.1,   -18.36,     0.43,    -2.79,      0.0,     0.63

 2539.97,  768,    -4.49,   -18.78,    -5.79,    -1.46,     0.21,      2.4

 2546.69,  768,     9.20,    11.82,    -1.69,     1.28,     0.22,     0.83

 2553.34,  768,    12.45,     6.88,     -9.9,     1.11,     0.10,     0.47

 2559.87,  768,     1.17,     2.71,   -17.64,     0.98,     0.44,      1.0

 2566.48,  768,     -8.0,     9.52,   -24.22,     1.40,      0.2,     0.13

  2573.7,  768,     0.92,    13.85,    -5.32,     0.16,     0.20,    -1.52

 2579.68,  768,    -2.52,   -15.74,   -12.81,    -1.78,     0.39,     0.18

 2586.36,  768,    -9.26,   -20.35,    -5.66,    -1.74,     0.80,     1.40

  2593.4,  768,     2.93,    -7.25,      2.8,     0.28,      0.7,     0.91

 2599.42,  768,    13.32,     0.49,    -7.90,     0.37,      0.1,     0.90

 2605.91,  768,     2.24,    -1.28,   -16.51,     0.92,     0.60,     1.46

 2612.68,  768,    -1.50,    14.40,   -23.82,     1.56,     0.36,     0.11

 2619.35,  768,     1.91,    18.67,   -12.70,     1.21,     0.76,    -1.41

  2626.4,  768,    -2.78,     5.25,   -17.35,     0.88,      0.1,     0.64

 2632.46,  768,   -14.54,   -20.35,    -8.50,    -1.81,     0.71,      1.5

 2639.18,  768,     0.36,    -6.10,     5.58,     0.52,      0.5,     0.48