----time, Mpow,     accX,     accY,     accZ,    gyroX,    gyroY,    gyroZ

     6.4,    0,    -8.86,    -8.48,   -11.34,     0.53,     0.77,     1.97

    12.6,    0,    -8.68,    -8.66,   -10.87,     0.53,     0.72,     1.83

   18.42,    0,    -8.52,    -8.65,   -10.57,     0.48,     0.65,     1.69

   24.93,    0,    -8.17,    -9.17,   -10.37,     0.40,     0.57,     1.52

   31.53,    0,     -8.3,    -9.59,   -10.30,     0.36,     0.49,     1.32

   38.12,    0,     -8.1,    -9.89,   -10.50,     0.29,     0.44,      1.9

   44.70,    0,    -7.85,   -10.11,   -10.53,     0.16,     0.42,     0.85

   51.27,    0,    -7.54,   -10.33,   -10.19,      0.4,     0.36,     0.62

   57.86,    0,    -7.24,   -10.64,    -9.43,      0.4,     0.32,     0.39

   64.45,    0,    -7.12,   -10.77,    -8.74,      0.8,     0.29,     0.17

    71.5,    0,    -6.97,    -11.4,    -8.22,      0.6,     0.28,      0.6

   77.57,    0,    -6.84,    -11.6,     -8.9,      0.5,     0.29,     0.29

   84.16,    0,    -6.55,   -11.14,     -8.5,      0.1,     0.26,     0.51

   90.79,    0,    -6.58,   -10.94,    -8.18,      0.6,     0.25,     0.72

   97.43,    0,    -6.50,   -10.64,    -8.34,      0.6,     0.28,     0.92

   104.5,    0,    -6.12,   -10.15,    -8.35,      0.5,     0.25,     -1.8

  110.68,    0,    -5.80,    -9.82,    -8.55,      0.5,     0.21,    -1.25

  117.32,    0,    -5.76,    -9.36,    -8.91,      0.3,     0.17,    -1.43

  123.94,    0,    -5.86,    -8.88,    -9.43,      0.3,     0.16,    -1.63

  130.54,    0,    -5.66,    -8.17,    -10.6,     0.13,      0.7,    -1.83

  137.14,    0,    -5.38,    -7.84,   -10.26,     0.26,     0.10,    -1.98

  143.76,    0,    -5.15,    -7.10,    -9.95,     0.38,     0.29,    -2.10

  150.35,    0,    -5.26,     -7.7,    -9.50,     0.35,     0.41,    -2.27

  156.96,    0,    -5.40,    -5.85,    -9.55,     0.43,     0.48,    -2.42

  163.55,    0,    -5.55,    -5.43,    -9.57,     0.52,     0.41,    -2.58

  170.17,    0,    -5.12,    -4.97,    -9.83,     0.47,     0.40,    -2.69

  176.83,    0,    -4.75,    -4.21,   -10.18,     0.43,     0.38,    -2.80

  183.44,    0,    -4.65,    -3.46,   -10.78,     0.46,     0.38,    -2.89

   190.3,    0,    -4.28,    -2.81,   -11.18,     0.53,     0.38,     -3.0

  196.62,    0,    -3.66,    -2.98,   -11.88,     0.71,     0.41,    -3.14

  203.24,    0,    -2.89,     -1.2,   -12.27,     0.87,     0.55,    -3.15

  209.83,    0,    -2.41,     0.67,   -12.48,     0.92,     0.73,    -3.16

  216.38,    0,    -2.37,      0.1,   -12.34,     0.97,     0.82,    -3.19

  222.96,    0,    -2.55,     0.80,   -12.14,      1.3,     0.84,    -3.24

  229.57,    0,    -2.78,     1.12,   -11.89,      1.6,     0.86,    -3.26

  236.24,    0,    -2.95,     1.35,   -11.76,      1.1,     0.80,    -3.30

  242.91,    0,     -3.8,     1.78,   -11.82,     0.95,     0.70,    -3.34

  249.44,    0,    -2.69,      2.9,   -11.99,     0.86,     0.62,    -3.36

  255.99,    0,    -1.91,     2.77,   -12.21,     0.75,     0.58,    -3.37

  262.66,    0,     -1.1,     3.80,   -12.53,     0.73,     0.58,    -3.33

  269.25,    0,      0.4,     4.54,    -13.2,     0.80,     0.63,    -3.54

  275.75,    0,     1.13,      5.3,   -13.45,     0.86,     0.68,    -3.19

  282.38,    0,      2.1,     5.56,   -13.57,     0.95,     0.70,    -3.12

  288.97,    0,     2.62,      6.2,   -13.40,      1.4,     0.72,     -3.1

  295.58,    0,      3.9,     6.32,    -13.4,     1.10,     0.76,    -2.88

  302.24,    0,     3.46,     6.60,   -12.69,     1.17,     0.77,    -2.74

  308.93,    0,     3.79,     6.80,   -12.37,     1.18,     0.77,    -2.60

  315.55,    0,     3.92,     6.85,    -12.2,     1.15,     0.70,    -2.47

   322.8,    0,      4.2,      7.4,   -11.79,      1.9,     0.60,    -2.34

  328.65,    0,     4.12,     7.31,   -11.47,      1.2,     0.50,    -2.21

  335.28,    0,     4.39,     7.52,   -11.44,     0.93,     0.40,     -2.8

  341.87,    0,     4.82,     7.80,   -11.44,     0.84,     0.29,    -1.94

  348.46,    0,     5.46,     8.18,   -11.38,     0.77,     0.23,    -1.82

   355.5,    0,      6.2,     8.57,   -11.31,     0.72,     0.22,    -1.66

  361.66,    0,     6.66,     8.98,   -11.13,     0.67,     0.21,    -1.49

  368.26,    0,     7.24,     9.38,   -11.11,     0.63,     0.19,    -1.30

  374.86,    0,     7.67,     9.74,    -11.5,     0.59,     0.19,     -1.9

  381.39,    0,      8.7,    10.20,   -11.13,     0.59,     0.20,     0.88

  387.97,    0,     8.58,    10.20,   -10.95,     0.57,     0.21,     0.68

  394.52,    0,     8.67,    10.54,   -10.74,     0.58,     0.26,     0.47

  401.11,    0,     8.78,    10.72,   -10.40,     0.62,     0.32,     0.24

  407.71,    0,      9.5,    10.57,    -9.90,     0.64,     0.36,      0.1

  414.30,    0,     8.91,    10.10,    -9.31,     0.56,     0.34,     0.20

  420.91,    0,     8.80,     9.84,    -8.93,     0.42,     0.24,     0.43

  427.50,    0,     8.78,     9.73,    -8.63,     0.29,     0.11,     0.66

  434.11,    0,     8.63,     9.50,    -8.51,     0.47,      0.5,     0.86

  440.71,    0,     8.42,     9.10,    -8.48,      0.9,     0.22,      1.6

  447.32,    0,     8.12,     8.82,    -8.40,      0.1,     0.37,     1.24

  453.97,    0,     7.90,     8.56,    -8.34,     0.11,     0.45,     1.43

  460.59,    0,     7.57,     8.26,    -8.41,     0.18,     0.49,     1.60

  467.20,    0,     7.24,     7.90,    -8.43,     0.22,     0.49,     1.74

  473.82,    0,     6.85,     7.49,    -8.40,     0.28,     0.48,     1.88

  480.41,    0,     6.40,     6.99,    -8.28,     0.32,     0.48,      2.2

   487.0,    0,     6.18,     6.61,    -8.13,     0.37,     0.45,     2.18

  493.60,    0,     5.74,      6.8,     -8.5,     0.45,     0.47,     2.33

  500.20,    0,     5.27,     5.51,    -7.98,     0.55,     0.51,     2.47

  506.82,    0,     4.93,      5.6,    -7.97,     0.67,     0.56,     2.61

  513.40,    0,     4.30,     4.61,     -8.8,     0.79,     0.63,     2.73

  519.99,    0,     3.78,     4.26,    -8.36,     0.90,     0.72,     2.84

  526.62,    0,     3.35,     3.92,    -8.54,     -1.1,     0.78,     2.93

  533.30,    0,     2.88,     3.78,    -8.72,    -1.12,     0.79,      3.2

  539.91,    0,     2.17,     3.70,    -8.94,    -1.19,     0.75,      3.8

  546.51,    0,     1.32,     3.70,    -9.26,    -1.24,     0.66,     3.15

  553.11,    0,     0.81,     3.40,    -9.71,    -1.24,     0.54,     3.20

  559.71,    0,     0.39,      3.5,    -10.8,    -1.22,     0.41,     3.25

  566.31,    0,      0.8,     2.56,   -10.46,    -1.19,     0.29,     3.30

  572.90,    0,     0.70,      2.8,   -10.65,    -1.15,     0.22,     3.33

  579.50,    0,    -1.70,     1.47,   -10.85,    -1.14,     0.23,     3.36

  586.20,    0,    -2.74,     0.77,   -11.11,    -1.12,     0.28,     3.39

  592.72,    0,    -3.71,     0.13,   -11.35,    -1.13,     0.37,     3.39

  599.30,    0,     -5.6,     0.70,   -11.74,    -1.14,     0.49,     3.36

  605.91,    0,    -6.27,    -1.31,   -12.12,    -1.14,     0.63,     3.31

  612.59,    0,    -7.35,    -1.97,   -12.31,    -1.12,     0.80,     3.24

  619.20,    0,    -8.51,    -2.79,   -12.65,    -1.11,     0.86,     3.15

  625.80,    0,    -9.17,    -3.58,   -12.87,     -1.4,     0.95,      3.5

  632.32,    0,    -9.41,    -4.51,   -12.82,     0.94,      1.2,     2.94

  638.93,    0,    -9.37,    -5.52,   -12.61,     0.84,     0.97,     2.80

  645.51,    0,    -9.24,    -6.26,   -12.36,     0.75,     0.84,     2.66

  652.10,    0,    -9.31,    -7.26,    -12.6,     0.62,     0.70,     2.52

  658.71,    0,    -9.57,    -8.17,   -11.93,     0.53,     0.51,     2.35

  665.32,    0,    -9.83,     -9.6,   -11.93,     0.41,     0.37,     2.22

  671.84,    0,   -10.22,    -9.74,   -11.79,     0.33,     0.27,      2.4

  678.51,    0,   -10.55,   -10.37,   -11.57,     0.25,     0.24,     1.85

  685.14,    0,   -11.17,   -10.89,   -11.49,     0.15,     0.26,     1.66

  691.82,    0,    -12.0,   -11.45,   -11.39,      0.4,     0.28,     1.49

  698.34,    0,   -12.91,   -12.14,   -11.34,      0.8,     0.30,     1.30

  704.94,    0,   -14.18,   -13.11,    -11.3,     0.23,     0.33,      1.4

  711.51,    0,   -15.27,    -14.5,   -10.67,     0.34,     0.40,     0.67

   718.3,    0,    -16.0,   -14.93,   -10.20,     0.38,     0.48,     0.26

  724.63,    0,   -16.14,   -15.45,    -9.57,     0.35,     0.51,     0.15

  731.26,    0,   -15.78,   -15.50,    -9.20,     0.28,     0.49,     0.55

  737.87,    0,   -14.78,    -15.4,    -8.87,     0.20,     0.41,     0.91

  744.44,    0,   -13.81,   -14.27,    -8.62,     0.14,     0.34,    -1.26

  751.14,    0,   -13.15,   -13.31,    -8.73,      0.8,     0.36,    -1.60

  757.74,    0,   -12.29,   -12.41,    -9.18,     0.12,     0.41,    -1.91

  764.35,    0,    -11.5,   -11.29,    -9.67,     0.21,     0.36,    -2.21

  770.93,    0,    -9.81,   -10.26,   -10.26,     0.28,     0.20,    -2.45

  777.56,    0,    -8.82,    -9.24,   -10.64,     0.39,      0.2,    -2.68

  784.13,    0,    -7.70,     -8.3,   -10.72,     0.51,     0.27,    -2.86

  790.73,    0,    -6.89,     -7.2,   -10.60,     0.60,     0.46,     -3.0

  797.27,    0,    -6.29,    -6.28,   -10.39,     0.63,     0.54,    -3.15

  803.94,    0,    -5.89,    -5.21,   -10.12,     0.58,     0.51,    -3.31

  810.54,    0,    -5.58,    -4.31,   -10.10,     0.52,     0.39,    -3.43

  817.14,    0,    -5.22,    -3.18,   -10.39,     0.50,     0.29,    -3.54

  823.74,    0,    -4.84,    -2.15,   -10.83,     0.50,     0.21,    -3.65

  830.34,    0,    -4.59,    -1.16,   -11.12,     0.52,     0.15,    -3.75

  836.95,    0,    -4.30,      0.8,   -11.46,     0.57,     0.15,    -3.87

  843.47,    0,    -3.81,     0.91,   -11.69,     0.62,     0.21,    -3.96

   850.6,    0,    -2.66,     2.19,   -11.94,     0.66,     0.35,     -4.0

  856.67,    0,    -1.43,     3.44,    -12.2,     0.70,     0.53,     -4.3

  863.26,    0,     0.54,     4.45,    -12.3,     0.72,     0.71,     -4.3

  869.80,    0,     0.19,     5.34,   -12.36,     0.78,     0.85,    -3.98

  876.41,    0,     0.94,     5.95,   -12.86,     0.85,     0.97,    -3.91

   883.7,    0,     1.92,     6.44,   -13.30,     0.94,    -1.10,    -3.82

  889.76,    0,     2.56,     6.81,   -13.47,      1.0,    -1.18,    -3.73

  896.44,    0,     2.90,     7.20,   -13.16,      1.1,    -1.16,    -3.59

  903.13,    0,     3.14,     7.62,   -12.95,      1.0,     -1.1,    -3.42

  909.73,    0,     3.69,      8.1,   -12.70,     0.97,     0.79,    -3.24

  916.18,    0,     4.35,     8.27,   -12.33,     0.91,     0.60,     -3.7

  922.75,    0,     5.14,     8.77,   -11.98,     0.86,     0.46,    -2.91

  929.36,    0,     5.97,     9.30,   -11.79,     0.84,     0.36,    -2.78

  935.96,    0,     7.18,     9.78,   -11.63,     0.85,     0.36,    -2.62

  942.56,    0,     8.10,     10.9,   -11.37,     0.85,     0.42,    -2.43

  949.15,    0,     8.47,    10.28,   -11.21,     0.85,     0.46,    -2.24

  955.77,    0,     8.87,    10.50,   -10.91,     0.84,     0.44,     -2.4

  962.36,    0,      9.3,    10.67,   -10.65,     0.80,     0.43,    -1.85

  968.97,    0,     8.98,    10.92,   -10.65,     0.75,     0.37,    -1.65

  975.57,    0,     9.10,     11.8,   -10.95,     0.70,     0.29,    -1.44

  982.17,    0,     9.58,    11.34,   -11.19,     0.69,     0.26,    -1.22

  988.78,    0,     9.98,    11.61,   -11.28,     0.67,     0.26,     0.97

  995.30,    0,     9.84,    11.76,   -11.11,     0.68,     0.25,     0.71

 1001.90,    0,     9.72,    11.74,   -10.80,     0.68,     0.23,     0.42

 1008.50,    0,     9.80,    11.53,   -10.30,     0.65,     0.19,     0.16

 1015.10,    0,     9.95,    11.29,    -9.71,     0.61,     0.17,      0.5

 1021.69,    0,     10.6,     11.0,    -8.99,     0.54,     0.17,     0.29

 1028.24,    0,     9.89,    10.66,    -8.38,     0.44,     0.15,     0.53

 1034.89,    0,     9.89,    10.31,     -8.2,     0.34,      0.9,     0.78

 1041.47,    0,     9.62,     9.82,    -7.68,     0.24,      0.1,     0.99

  1048.3,    0,     9.18,     9.42,    -7.49,     0.13,     0.10,     1.17

 1054.71,    0,     8.71,     9.13,    -7.38,      0.1,     0.22,     1.36

 1061.31,    0,     8.53,     8.98,    -7.42,     0.15,     0.31,     1.52

 1067.98,    0,     8.32,     8.91,    -7.51,     0.23,     0.41,     1.66

 1074.56,    0,     7.97,     8.66,    -7.63,     0.33,     0.42,     1.81

 1081.18,    0,     7.52,     8.43,     -8.2,     0.41,     0.40,     1.98

 1087.70,    0,     7.19,     8.34,    -8.33,     0.49,     0.35,     2.12

 1094.32,    0,     6.68,     8.22,    -8.72,     0.53,     0.35,     2.28

 1100.97,    0,     6.22,      8.1,     -9.8,     0.56,     0.33,     2.43

 1107.52,    0,     5.74,     7.79,    -9.49,     0.58,     0.31,     2.58

 1114.13,    0,     5.23,     7.52,    -9.67,     0.59,     0.28,     2.75

 1120.78,    0,     4.67,     7.10,    -9.60,     0.64,     0.30,     2.90

 1127.33,    0,     3.92,     6.72,    -9.64,     0.70,     0.38,      3.4

 1133.91,    0,     3.21,     6.40,    -9.74,     0.77,     0.49,     3.16

 1140.59,    0,     2.57,      6.2,    -9.87,     0.85,     0.61,     3.28

 1147.14,    0,     1.87,     5.79,    -10.8,     0.95,     0.71,     3.38

 1153.74,    0,     1.25,     5.52,   -10.20,     -1.1,     0.80,     3.46

 1160.40,    0,     0.63,     5.32,   -10.42,     -1.8,     0.86,     3.52

  1167.3,    0,     0.12,     5.19,   -10.56,    -1.11,     0.88,     3.59

 1173.68,    0,      0.1,     4.79,   -10.72,    -1.11,     0.83,     3.69

 1180.28,    0,     0.26,     4.19,    -11.4,     -1.9,     0.75,     3.76

 1186.81,    0,     0.70,     3.60,   -11.21,     -1.8,     0.71,     3.78

 1193.42,    0,    -1.53,      3.4,   -11.35,     -1.6,     0.67,     3.79

  1200.2,    0,    -2.33,     2.46,   -11.49,     -1.3,     0.59,     3.82

 1206.63,    0,     -3.2,     1.77,   -11.57,     -1.1,     0.52,     3.83

 1213.24,    0,    -4.12,      1.5,   -11.65,     -1.2,     0.45,     3.80

 1219.83,    0,    -5.15,     0.50,   -11.81,     -1.0,     0.42,     3.76

 1226.41,    0,    -6.54,     0.25,   -11.98,     0.96,     0.45,     3.69

 1232.93,    0,    -7.72,     -1.5,   -12.14,     0.92,     0.49,     3.59

 1239.61,    0,    -8.99,    -2.17,   -12.23,     0.92,     0.60,     3.44

 1246.22,    0,    -9.91,    -3.12,   -12.21,     0.96,     0.69,     3.31

 1252.82,    0,   -10.20,    -3.77,    -12.9,     -1.0,     0.78,     3.18

 1259.50,    0,   -10.19,    -4.57,    -12.7,     0.98,     0.83,      3.6

  1266.4,    0,   -10.14,    -5.47,   -12.19,     0.94,     0.83,     2.90

 1272.63,    0,   -10.16,    -6.30,   -12.32,     0.82,     0.80,     2.76

 1279.23,    0,   -10.29,    -7.28,   -12.35,     0.74,     0.65,     2.62

 1285.83,    0,   -10.43,     -8.7,   -12.32,     0.64,     0.49,     2.46

 1292.43,    0,   -10.76,    -8.94,   -12.21,     0.51,     0.34,     2.28

  1299.4,    0,   -11.19,    -9.70,   -11.97,     0.38,     0.21,      2.6

 1305.63,    0,   -11.60,   -10.29,   -11.65,     0.27,      0.9,     1.88

 1312.23,    0,   -12.72,    -11.3,   -11.15,     0.17,      0.5,     1.66

 1318.83,    0,   -13.74,   -11.73,   -10.62,      0.8,     0.12,     1.41

 1325.45,    0,   -14.26,   -12.55,   -10.12,      0.0,     0.19,     1.14

 1332.12,    0,   -14.79,   -13.38,    -9.60,      0.5,     0.26,     0.86

 1338.64,    0,   -14.98,   -13.85,    -9.31,      0.7,     0.32,     0.54

 1345.18,    0,   -14.92,   -14.26,     -9.7,     0.11,     0.34,     0.21

 1351.75,    0,   -14.49,   -14.38,    -8.76,     0.15,     0.29,     0.12

 1358.37,    0,   -13.77,   -14.47,    -8.57,     0.19,     0.16,     0.47

 1364.98,    0,   -12.94,   -14.19,    -8.25,     0.22,      0.2,     0.79

 1371.57,    0,   -12.31,   -13.79,    -7.98,     0.22,     0.19,     -1.9

 1378.26,    0,   -11.83,   -13.30,    -7.83,     0.20,     0.32,    -1.39

 1384.87,    0,   -11.58,   -12.66,    -7.81,     0.14,     0.36,    -1.66

 1391.47,    0,   -11.44,    -12.2,     -8.2,     0.12,     0.33,    -1.94

  1398.5,    0,   -10.91,   -11.14,    -8.47,     0.11,     0.28,    -2.19

 1404.67,    0,   -10.27,   -10.42,    -8.95,     0.18,     0.19,    -2.42

 1411.27,    0,    -9.54,    -9.42,    -9.58,     0.23,     0.28,    -2.69

 1417.84,    0,    -8.65,    -8.48,   -10.19,     0.33,     0.42,    -2.93

 1424.46,    0,    -7.92,    -7.75,   -10.39,     0.44,     0.62,    -3.11

  1431.5,    0,    -7.39,    -6.73,   -10.32,     0.50,     0.81,    -3.27

 1437.66,    0,    -7.17,    -5.92,   -10.10,     0.56,     0.95,    -3.41

 1444.25,    0,    -6.98,     -5.5,    -9.87,     0.56,     -1.5,    -3.54

 1450.85,    0,    -6.84,     -4.8,    -9.78,     0.50,     -1.7,    -3.68

 1457.45,    0,    -6.86,     -3.8,    -9.93,     0.41,     -1.3,    -3.82

  1464.5,    0,    -6.79,    -1.80,   -10.46,     0.32,     0.95,    -3.95

 1470.65,    0,    -6.79,     0.64,   -11.40,     0.25,     0.87,     -4.9

 1477.19,    0,    -6.50,     0.77,   -12.36,     0.22,     0.80,    -4.20

 1483.79,    0,    -5.43,     2.10,   -13.63,     0.23,     0.76,    -4.24

 1490.45,    0,    -4.32,     3.26,   -14.68,     0.30,     0.78,    -4.26

  1497.7,    0,    -2.98,     4.56,   -15.67,     0.45,     0.86,    -4.23

 1503.67,    0,    -1.72,     4.30,   -16.12,     0.63,     0.98,    -4.16

 1510.26,    0,     0.64,     6.28,   -16.13,     0.83,    -1.12,     -4.5

 1516.90,    0,     0.38,     6.86,   -15.64,      1.0,    -1.25,    -3.92

 1523.55,    0,      1.2,     6.98,   -14.74,     1.11,    -1.29,    -3.78

 1530.23,    0,     1.21,      7.8,    -14.5,     1.14,    -1.29,    -3.65

 1536.79,    0,     1.38,     7.11,   -13.25,     1.10,    -1.19,    -3.55

 1543.44,    0,     1.54,     7.19,   -12.74,      1.1,     -1.0,    -3.50

 1549.98,    0,     2.30,     7.58,   -12.37,     0.88,     0.81,    -3.46

 1556.50,    0,     3.19,     8.12,   -12.11,     0.78,     0.66,    -3.41

  1563.8,    0,      4.3,     8.80,   -12.13,     0.70,     0.57,    -3.34

 1569.68,    0,     5.16,     9.51,   -12.17,     0.62,     0.56,    -3.24

 1576.28,    0,     5.89,    10.20,   -12.30,     0.59,     0.59,    -3.11

 1582.90,    0,     6.60,    10.72,   -12.64,     0.57,     0.63,    -2.94

 1589.51,    0,     7.26,    11.27,   -12.87,     0.55,     0.64,    -2.71

 1596.11,    0,     7.95,    11.78,   -12.90,     0.55,     0.62,    -2.46

 1602.71,    0,     8.13,     12.8,    -13.3,     0.57,     0.53,    -2.21

 1609.28,    0,     8.35,    12.23,   -13.12,     0.58,     0.42,    -1.94

 1615.89,    0,     8.84,    12.37,   -13.10,     0.58,     0.30,    -1.65

 1622.49,    0,     9.42,    12.54,   -12.79,     0.55,     0.20,    -1.63

  1629.9,    0,     9.72,    12.81,   -12.55,     0.57,      0.9,     -1.8

 1635.67,    0,     9.93,    12.76,    -12.9,     0.58,      0.2,     0.79

 1642.20,    0,     9.97,    12.75,   -11.55,     0.59,      0.1,     0.51

 1648.80,    0,    10.18,    12.55,   -10.76,     0.61,      0.1,     0.25

 1655.42,    0,     10.4,    12.16,    -9.93,     0.57,      0.0,      0.1

  1662.1,    0,     9.94,    11.75,    -9.38,     0.52,      0.2,     0.21

 1668.61,    0,     9.69,    11.18,    -8.77,     0.45,      0.2,     0.39

 1675.20,    0,     9.53,    10.80,    -8.32,     0.39,      0.0,     0.58

 1681.82,    0,     9.53,    10.36,    -7.86,     0.28,      0.4,     0.76

 1688.40,    0,     9.39,    10.11,    -7.53,     0.15,     0.15,     0.94

  1695.3,    0,     9.32,     10.1,    -7.51,      0.5,     0.23,     1.12

 1701.63,    0,     9.21,     9.88,    -7.65,      0.9,     0.35,     1.33

 1708.21,    0,      9.6,     10.0,    -8.12,     0.21,     0.42,     1.53

 1714.82,    0,     8.89,     10.8,    -8.54,     0.32,     0.50,     1.74

 1721.42,    0,     8.56,    10.21,    -9.30,     0.35,     0.59,     1.99

 1728.10,    0,     8.32,     10.8,    -9.65,     0.38,     0.56,     2.17

 1734.69,    0,     7.90,     9.91,    -9.93,     0.37,     0.69,     2.40

 1741.25,    0,     7.50,     9.68,    -10.8,     0.44,     0.71,     2.63

 1747.84,    0,     6.87,     9.55,    -9.92,     0.44,     0.77,     2.83

 1754.50,    0,      6.8,     9.18,    -9.99,     0.47,     0.76,      3.0

  1761.3,    0,     5.33,     8.97,    -10.0,     0.44,     0.78,     3.15

 1767.64,    0,     4.72,      8.0,    -9.74,     0.51,     0.81,     3.31

 1774.24,    0,      4.8,     7.82,    -9.31,     0.60,     0.82,     3.43

 1780.84,    0,     3.48,     7.50,    -9.14,     0.65,     0.80,     3.57

 1787.50,    0,     2.83,      7.4,     -9.7,     0.74,     0.81,     3.70

  1794.2,    0,     2.12,     6.79,    -9.19,     0.84,     0.82,     3.79

 1800.66,    0,     0.80,     6.52,    -9.39,     0.95,     0.89,     3.86

 1807.24,    0,     0.53,      6.6,    -9.89,     -1.1,     0.98,     3.93

 1813.82,    0,    -1.26,     5.47,   -10.42,     -1.6,      1.0,      4.1

 1820.55,    0,    -2.29,     4.79,    -11.8,    -1.10,      1.1,      4.4

 1827.19,    0,    -3.22,      4.7,   -11.57,     -1.7,      1.2,      4.4

 1833.80,    0,    -3.91,     3.31,   -11.70,     -1.8,      1.6,      4.1

 1840.40,    0,    -4.51,     2.79,   -11.60,    -1.13,      1.6,     3.98

  1847.8,    0,    -5.23,     2.44,   -11.54,    -1.18,      1.3,     3.94

 1853.71,    0,    -6.16,     1.79,   -11.67,    -1.20,     0.98,     3.89

 1860.28,    0,    -7.39,     1.23,    -12.6,    -1.19,     0.93,     3.80

 1866.83,    0,    -8.19,     0.47,   -12.32,    -1.15,     0.91,     3.72

 1873.41,    0,    -8.86,     0.86,   -12.56,    -1.14,     0.91,     3.61

  1880.1,    0,    -9.21,    -1.74,   -12.53,    -1.17,     0.94,     3.52

 1886.62,    0,    -9.42,    -2.50,   -12.46,    -1.19,     0.98,     3.41

 1893.25,    0,    -9.48,    -3.25,   -12.53,    -1.20,      1.1,     3.34

 1899.91,    0,    -9.58,    -3.88,   -12.79,    -1.14,      1.2,     3.26

 1906.51,    0,    -9.97,    -4.79,    -13.5,     -1.5,      1.3,     3.16

 1913.10,    0,   -10.47,    -5.73,    -13.9,     0.93,      1.3,      3.5

 1919.62,    0,   -10.97,    -6.53,    -13.1,     0.79,      1.0,     2.93

 1926.21,    0,   -11.44,    -7.67,   -12.75,     0.66,     0.93,     2.80

 1932.82,    0,   -11.94,    -8.70,   -12.36,     0.53,     0.82,     2.66

 1939.42,    0,   -12.70,    -9.88,    -12.4,     0.42,     0.70,     2.48

  1946.0,    0,   -13.52,   -10.95,   -11.84,     0.28,     0.61,     2.28

 1952.62,    0,   -14.21,   -12.18,   -11.70,     0.15,     0.52,      2.1

 1959.24,    0,   -15.10,   -13.23,   -11.68,      0.4,     0.40,     1.71

 1965.77,    0,    -16.3,   -14.17,   -11.64,      0.8,     0.30,     1.37

 1972.35,    0,   -16.80,    -15.9,   -11.31,     0.16,     0.21,     0.98

 1978.93,    0,   -17.41,   -15.57,   -10.72,     0.14,     0.19,     0.61

 1985.55,    0,   -17.85,   -15.85,   -10.37,      0.8,     0.28,     0.18

  1992.9,    0,    -18.8,   -15.55,   -10.44,      0.4,     0.42,     0.22

 1998.67,    0,   -17.91,   -15.13,   -10.77,      0.8,     0.53,     0.56

 2005.28,    0,   -17.16,   -14.79,   -11.28,     0.19,     0.60,     0.88

 2011.89,    0,   -16.35,   -14.40,   -11.35,     0.30,     0.60,    -1.22

 2018.63,    0,   -15.70,   -13.69,    -11.9,     0.44,     0.54,    -1.57

 2025.24,    0,   -14.85,    -13.3,   -10.41,     0.57,     0.40,    -1.89

 2031.84,    0,    -14.4,   -12.50,    -9.73,     0.66,     0.18,    -2.22

 2038.39,    0,   -13.53,   -11.86,    -8.97,     0.71,      0.3,    -2.57

  2045.3,    0,    -13.3,   -10.97,    -8.12,     0.67,     0.17,    -2.92

 2051.58,    0,   -12.38,    -9.89,    -7.63,     0.60,     0.25,    -3.27

 2058.17,    0,   -11.10,    -8.36,    -7.47,     0.51,     0.26,    -3.58

 2064.77,    0,    -9.64,    -6.94,    -7.90,     0.40,     0.29,    -3.86

 2071.36,    0,    -8.48,    -5.42,    -8.66,     0.30,     0.31,     -4.8

 2077.95,    0,    -6.90,    -3.60,    -9.82,     0.28,     0.32,    -4.22

 2084.56,    0,    -5.27,    -2.15,   -10.93,     0.39,     0.40,    -4.33

 2091.17,    0,    -3.62,     0.89,   -11.86,     0.54,     0.56,    -4.37

 2097.77,    0,    -2.57,     0.17,   -12.37,     0.68,     0.72,    -4.36

 2104.30,    0,    -2.15,     1.24,   -12.51,     0.79,     0.82,    -4.35

 2110.97,    0,     -2.0,     2.39,   -12.46,     0.87,     0.84,    -4.38

 2117.58,    0,    -1.90,     3.43,   -12.50,     0.92,     0.88,    -4.40

 2124.19,    0,    -1.92,     4.43,   -12.65,     0.95,     0.91,    -4.43

 2130.79,    0,    -1.31,     5.29,   -13.12,     0.96,     0.90,    -4.41

 2137.38,    0,     0.21,     6.30,   -13.48,     0.88,     -1.8,    -4.37

  2144.5,    0,     1.42,     7.47,   -13.93,     0.89,    -1.19,    -4.27

 2150.67,    0,     2.60,     8.21,   -14.26,     0.96,    -1.21,    -4.16

 2157.27,    0,     3.41,     8.87,   -14.34,      1.2,    -1.23,     -4.1

 2163.88,    0,     4.24,     9.27,   -14.23,     1.10,    -1.16,    -3.83

 2170.57,    0,      5.5,     8.98,   -13.83,     1.28,     -1.2,    -3.64

 2177.15,    0,     5.66,     9.82,   -13.90,      1.0,     0.94,    -3.42

 2183.67,    0,     6.67,    10.35,   -13.64,     1.14,     0.85,    -3.21

 2190.35,    0,     7.66,    10.49,   -13.25,     1.22,     0.80,     -3.1

 2196.88,    0,     8.47,    10.67,   -12.87,     1.22,     0.79,    -2.81

 2203.54,    0,     9.12,    10.95,   -12.44,     1.17,     0.82,    -2.59

 2210.14,    0,     9.53,    11.40,   -12.31,     1.16,     0.88,    -2.36

 2216.70,    0,     9.88,    11.75,   -12.14,     1.19,     0.93,    -2.16

 2223.31,    0,     9.80,    11.98,   -11.89,     1.20,     0.93,    -1.97

 2229.96,    0,     9.45,    12.19,   -11.68,     1.19,     0.93,    -1.78

 2236.56,    0,     8.90,    12.27,   -11.61,     1.14,     0.91,    -1.57

 2243.16,    0,     8.91,    12.52,   -11.63,     1.12,     0.87,    -1.37

 2249.76,    0,     9.18,    12.74,   -11.60,     1.11,     0.83,    -1.14

 2256.36,    0,     9.57,     13.2,   -11.41,     1.11,     0.80,     0.90

 2262.87,    0,     9.46,    13.10,    -11.4,     1.11,     0.73,     0.64

 2269.40,    0,     9.27,    12.99,   -10.58,      1.6,     0.58,     0.40

  2276.1,    0,     9.31,    12.92,   -10.12,     0.99,     0.41,     0.15

 2282.59,    0,     9.56,    12.64,    -9.36,     0.93,     0.27,      0.8

 2289.11,    0,     9.62,    12.31,    -8.65,     0.81,     0.13,     0.31

 2295.73,    0,     9.84,    11.96,    -7.92,     0.65,      0.4,     0.56

 2302.32,    0,     9.57,    11.51,    -7.21,     0.45,     0.15,     0.75

 2308.91,    0,     9.60,    11.41,    -6.94,     0.26,     0.37,     0.95

 2315.53,    0,     9.73,     11.4,    -6.99,      0.6,     0.50,     1.14

 2322.14,    0,    10.24,    11.17,    -7.23,      0.5,     0.59,     1.37

 2328.73,    0,    10.71,    11.12,    -7.51,     0.14,     0.53,     1.58

 2335.41,    0,    10.82,    11.11,    -7.79,     0.22,     0.43,     1.79

  2342.2,    0,    10.48,     11.8,    -8.10,     0.23,     0.37,      2.3

 2348.59,    0,    10.12,    10.87,    -8.60,     0.29,     0.20,     2.27

 2355.21,    0,     9.18,    10.78,    -9.12,     0.29,     0.13,     2.42

 2361.81,    0,     8.25,    10.32,    -9.73,     0.28,      0.6,     2.63

 2368.40,    0,     7.54,     9.47,    -9.93,     0.32,     0.14,     2.87

  2375.1,    0,     6.96,     9.59,    -9.69,     0.38,     0.25,      3.5

 2381.53,    0,      6.0,     9.32,    -9.64,     0.43,     0.40,     3.28

 2388.13,    0,     4.83,     8.68,    -9.57,     0.58,     0.59,     3.45

 2394.74,    0,     3.59,     8.20,    -9.97,     0.68,     0.79,     3.66

 2401.36,    0,     2.18,     7.15,   -10.11,     0.84,      1.0,     3.76

  2408.2,    0,     1.50,     6.96,   -10.61,     0.91,     1.15,     3.89

 2414.69,    0,     0.70,     6.48,   -10.86,     0.94,     1.26,     3.98

 2421.29,    0,      0.1,     5.76,   -11.15,     -1.3,     1.26,      4.5

 2427.90,    0,     0.66,     5.45,   -11.40,     -1.7,     1.19,      4.5

 2434.50,    0,    -1.55,     5.17,   -11.54,     -1.6,      1.3,      4.6

 2441.12,    0,    -2.42,     4.75,   -11.76,     -1.5,     0.84,      4.6

 2447.71,    0,    -3.38,     4.38,   -11.88,     -1.1,     0.59,      4.3

 2454.32,    0,    -4.65,     3.51,    -12.3,     0.97,     0.38,      4.2

 2460.83,    0,    -6.23,     2.42,    -12.3,     -1.4,     0.34,     3.95

 2467.46,    0,    -7.63,     1.92,   -12.28,     -1.6,     0.47,     3.87

  2474.6,    0,    -8.54,     1.58,   -12.57,     -1.4,     0.70,     3.78

 2480.65,    0,    -9.10,     0.53,   -12.90,    -1.15,     0.92,     3.70

 2487.24,    0,    -8.89,     0.12,   -13.27,    -1.20,      1.9,     3.66

 2493.92,    0,    -8.70,     0.29,   -13.45,    -1.23,     1.19,     3.59

 2500.59,    0,    -8.46,     0.69,   -13.62,    -1.16,     1.18,     3.51

 2507.15,    0,    -8.20,    -1.31,   -13.55,     -1.7,     1.10,     3.49

 2513.81,    0,    -8.36,    -1.77,   -13.39,     0.92,      1.3,     3.42

 2520.32,    0,    -8.60,    -2.95,    -13.9,     0.81,     0.88,     3.32

 2526.84,    0,     -9.2,    -3.58,   -12.96,     0.69,     0.76,     3.22

 2533.43,    0,    -9.41,    -4.56,   -12.56,     0.58,     0.61,     3.12

  2540.4,    0,    -9.92,    -5.51,   -12.23,     0.48,     0.49,      3.0

 2546.63,    0,   -10.46,    -6.63,   -11.90,     0.39,     0.46,     2.88

 2553.25,    0,   -11.24,    -7.93,   -11.63,     0.34,     0.52,     2.73

 2559.87,    0,   -11.97,     -9.1,   -11.47,     0.31,     0.64,     2.60

 2566.45,    0,   -12.71,    -10.6,   -11.16,     0.28,     0.75,     2.43

  2573.6,    0,   -13.41,   -10.78,   -10.87,     0.18,     0.80,     2.26

 2579.73,    0,   -14.20,   -11.63,   -10.75,      0.1,     0.82,      2.2

 2586.27,    0,   -14.93,   -12.94,   -10.59,     0.18,     0.80,     1.74

 2592.92,    0,   -15.35,   -13.96,   -10.20,     0.32,     0.66,     1.44

 2599.55,    0,   -15.70,   -14.76,    -9.55,     0.45,     0.45,     1.14

  2606.8,    0,   -15.88,   -15.35,    -8.66,     0.61,     0.23,     0.84

 2612.67,    0,   -15.96,   -15.84,    -7.80,     0.70,      0.5,     0.52

 2619.24,    0,   -16.14,   -16.65,    -7.14,     0.80,     0.20,     0.15

 2625.78,    0,   -16.36,   -16.97,    -6.34,     0.73,     0.33,     0.23

 2632.38,    0,   -16.51,   -16.99,    -5.93,     0.62,     0.40,     0.63

 2638.98,    0,   -16.46,   -16.48,    -5.53,     0.51,     0.34,     -1.3