----time, Mpow,     accX,     accY,     accZ,    gyroX,    gyroY,    gyroZ

     6.8,  512,      0.0,      0.3,    -9.80,      0.0,      0.0,      0.0

   11.89,  512,      0.9,      0.1,    -9.81,      0.0,      0.0,      0.1

   18.15,  512,      0.3,      0.0,    -9.75,      0.0,      0.0,      0.2

   24.61,  512,     0.24,      0.8,    -9.76,      0.0,      0.0,      0.4

   31.17,  512,     0.24,      0.1,    -9.77,      0.1,      0.1,      0.9

   37.69,  512,     0.22,      0.2,    -9.80,      0.0,      0.0,      0.1

   44.30,  512,     0.88,      0.6,    -9.84,      0.0,      0.2,     0.20

   50.94,  512,     0.13,      0.1,    -9.85,      0.0,      0.2,     0.19

   57.54,  512,    -1.88,     0.30,    -9.67,      0.1,      0.4,     0.49

   64.18,  512,      1.0,      0.1,    -9.75,      0.0,      0.1,      0.7

   70.80,  512,     0.10,     0.23,    -9.99,      0.2,      0.2,     0.40

   77.39,  512,     0.53,      0.8,    -9.66,      0.2,      0.2,     0.53

    84.0,  512,     2.27,     0.20,    -10.8,      0.1,      0.5,     0.57

   90.68,  512,    -2.27,     0.29,    -9.63,      0.1,      0.6,     0.59

   97.37,  512,     1.52,     0.24,   -10.12,      0.1,      0.5,     0.59

   104.2,  512,    -2.14,     0.17,    -9.73,      0.2,      0.6,     0.57

  110.64,  512,      0.7,     0.36,   -10.68,      0.0,     0.10,     0.44

  117.18,  512,      1.4,     0.15,    -9.54,      0.2,      0.0,     0.21

  123.83,  512,    -5.43,     0.93,    -9.71,     0.13,     0.13,     0.19

  130.44,  512,     6.67,    -3.22,    -5.89,     0.41,     0.29,     0.58

  137.13,  512,    -5.48,     1.35,   -10.38,     0.35,     0.55,     0.54

  143.81,  512,     4.93,      1.2,   -10.31,     0.15,     0.90,     0.27

  150.41,  512,     2.79,    -2.71,    -8.45,      0.6,     0.57,     0.30

   157.0,  512,    -4.80,     7.26,   -16.96,     0.64,     0.48,     0.61

  163.62,  512,     5.28,    -6.32,    -3.98,     -1.2,     0.17,     0.67

  170.22,  512,    -3.77,    -1.56,    -8.60,     0.73,     0.31,     0.33

  176.82,  512,     0.99,    -1.96,    -8.92,     0.83,     0.26,     0.21

  183.36,  512,     1.17,    -5.68,    -3.11,      0.9,     0.50,     0.37

  189.93,  512,     1.42,    10.41,   -22.50,     0.68,     0.64,     0.74

  196.61,  512,     0.82,    -8.66,     1.71,     0.63,     0.48,     0.48

  203.13,  512,     2.20,    15.29,   -17.43,     1.63,     0.63,     0.36

  209.84,  512,    -2.68,    -6.97,     0.68,    -1.46,     0.35,     0.10

  216.41,  512,      1.4,    -4.41,     -7.2,     0.58,     0.10,     0.47

  222.96,  512,     0.69,     4.69,   -23.71,      0.4,     0.35,     0.64

  229.53,  512,     1.27,    -8.58,     0.40,     0.81,     0.41,     0.56

   236.7,  512,     1.12,    13.39,   -15.20,     1.53,     0.51,     0.31

  242.82,  512,    -2.90,     -6.8,    -3.23,    -1.34,     0.54,     0.17

  249.45,  512,     0.75,    -5.74,    -5.90,     0.32,     0.25,     0.28

   256.0,  512,     1.61,      7.4,   -24.78,     0.48,     0.50,     0.61

  262.62,  512,      0.4,    -8.83,     0.90,     -1.8,     0.41,     0.49

  269.14,  512,     1.14,      4.9,    -12.7,     1.48,     0.52,      0.1

  275.82,  512,    -2.79,     -4.5,    -4.69,    -1.16,      0.4,     0.38

  282.44,  512,     0.67,    -7.45,    -3.85,     0.11,     0.30,     0.70

  288.95,  512,     1.62,    11.60,   -21.81,     1.11,     0.48,     0.53

  295.71,  512,     0.87,    -8.59,     0.35,    -1.17,     0.30,      0.7

  302.23,  512,     1.19,     0.62,    -8.42,     1.24,      0.0,     0.30

  308.77,  512,    -2.34,     2.25,   -12.90,     0.27,     0.14,     0.58

  315.43,  512,      1.8,     -9.4,    -1.34,     0.72,     0.33,     0.56

  321.96,  512,     1.16,     8.36,    -18.5,     1.37,     0.50,     0.30

  328.64,  512,    -3.24,    -6.60,    -2.66,    -1.30,     0.55,     0.11

  335.32,  512,     1.41,    -4.48,    -5.59,     0.38,     0.18,     0.57

  341.85,  512,     1.39,      8.7,   -23.38,     0.57,     0.49,     0.65

  348.44,  512,      0.4,    -9.41,      0.9,    -1.15,     0.40,     0.45

  354.97,  512,     0.89,     9.41,   -12.64,     1.40,     0.28,      0.6

  361.64,  512,    -3.22,    -3.76,    -5.79,    -1.35,     0.12,     0.36

  368.33,  512,     1.38,    -6.87,    -3.30,      0.0,     0.30,     0.60

  374.86,  512,     1.96,    11.36,   -23.28,     0.98,     0.59,     0.59

  381.48,  512,    -1.14,     -9.2,     0.24,    -1.37,     0.38,     0.21

   388.5,  512,     0.67,     0.85,    -10.3,     1.20,      0.5,     0.16

  394.55,  512,    -2.70,    -1.18,    -8.75,     0.88,      0.9,     0.51

  401.16,  512,     1.13,    -7.96,    -2.43,     0.24,     0.30,     0.65

  407.79,  512,     0.98,    12.75,   -20.45,     1.27,     0.49,     0.48

  414.47,  512,    -1.46,    -8.61,     0.15,    -1.50,     0.33,      0.3

   421.7,  512,     0.90,    -1.23,    -7.98,     0.91,      0.4,     0.37

  427.55,  512,    -1.93,     2.45,   -12.67,     0.51,     0.21,     0.58

  434.24,  512,     1.15,    -8.94,    -1.60,     0.60,     0.34,     0.59

  440.86,  512,     0.99,     9.12,   -18.39,     1.41,     0.50,     0.36

  447.47,  512,    -2.32,    -7.13,    -1.60,    -1.37,     0.54,      0.6

   454.7,  512,      1.8,     -3.4,    -6.45,     0.73,     0.14,     0.43

  460.65,  512,    -1.44,     4.35,   -22.72,     0.12,     0.35,     0.63

  467.28,  512,     0.86,     -9.5,     0.78,     0.87,     0.35,     0.81

  473.71,  512,     0.90,    12.10,   -15.59,     1.47,     0.39,     0.28

  480.45,  512,    -2.74,    -6.23,    -2.89,    -1.38,     0.17,     0.19

  487.10,  512,     1.13,    -5.12,    -5.85,     0.32,     0.24,     0.28

  493.68,  512,     0.88,     7.42,   -23.61,     0.55,     0.46,     0.62

  500.21,  512,     0.62,    -8.91,     0.40,     -1.5,     0.31,     0.41

  506.78,  512,     0.60,     4.42,   -12.92,     1.44,     0.52,     0.10

  513.47,  512,    -2.71,    -4.71,    -4.90,    -1.20,      0.8,     0.33

   520.9,  512,      1.3,    -6.26,    -5.27,     0.12,     0.31,     0.57

  526.68,  512,     0.83,    10.10,    -24.5,     0.89,     0.52,     0.62

  533.20,  512,     0.72,    -8.83,      1.0,    -1.11,     0.37,     0.39

  539.80,  512,     0.73,     4.25,   -12.78,     1.44,     0.27,      0.5

  546.47,  512,    -2.69,    -4.98,   -11.50,    -1.25,      0.9,     0.31

  553.17,  512,     0.81,    -5.99,    -5.23,     0.10,     0.31,     0.60

  559.69,  512,     0.95,     13.0,   -23.79,     0.76,     0.48,     0.60

  566.20,  512,     0.61,    -8.80,     0.88,    -1.11,     0.31,     0.37

  572.80,  512,     0.58,     4.18,   -13.32,     1.38,     0.24,      0.6

  579.47,  512,    -2.73,    -5.16,   -11.45,    -1.18,      0.7,     0.36

  586.15,  512,     0.71,    -5.57,    -5.31,     0.14,     0.32,     0.57

  592.68,  512,     1.11,    12.92,   -23.41,     0.85,     0.55,     0.57

  599.30,  512,     0.56,    -8.63,     0.82,    -1.14,     0.36,     0.31

  605.82,  512,     0.60,     4.49,   -13.83,     1.36,     0.28,      0.5

  612.47,  512,     -2.4,    -5.43,   -11.13,    -1.25,     0.11,     0.36

  619.12,  512,     0.50,    -5.34,     -6.8,     0.10,     0.30,     0.53

  625.62,  512,     1.17,    12.52,   -22.59,     0.74,     0.51,     0.60

  632.30,  512,     0.59,    -8.37,     0.98,    -1.10,     0.37,     0.36

  638.82,  512,     0.77,     5.23,   -13.86,     1.41,     0.23,      0.6

  645.42,  512,    -2.11,    -5.44,   -11.30,    -1.20,      0.7,     0.34

  652.18,  512,     0.71,    -5.22,    -5.94,     0.13,     0.34,     0.62

  658.70,  512,     1.16,     12.8,   -22.64,     0.86,     0.26,     0.59

  665.32,  512,     0.39,     -9.0,     0.45,    -1.16,     0.32,     0.33

  671.83,  512,     0.90,     4.23,   -13.57,     1.55,     0.17,      0.7

  678.50,  512,     -2.4,    -3.14,   -12.62,     0.97,      0.0,     0.44

   685.3,  512,     0.95,    -6.29,    -4.51,     0.17,     0.30,     0.60

  691.62,  512,     1.14,    12.35,   -22.82,      1.3,     0.51,     0.55

  698.33,  512,     0.69,    -8.84,    -1.70,    -1.34,     0.30,     0.11

  704.94,  512,     0.86,     1.80,   -11.18,      1.4,      0.6,     0.22

  711.53,  512,    -1.60,      5.0,   -15.86,     0.78,     0.12,     0.54

  718.10,  512,     1.39,    -7.40,    -2.78,     0.38,     0.34,     0.57

  724.72,  512,     0.87,    12.13,    -22.4,     1.30,     0.54,     0.44

  731.31,  512,    -2.29,    -8.43,    -3.32,    -1.42,     0.28,      0.9

  737.93,  512,      0.4,    -1.27,    -9.14,     0.80,     0.13,     0.34

  744.43,  512,     0.36,      8.4,   -19.71,     0.18,     0.30,     0.55

   751.3,  512,     1.58,    -7.40,    -1.63,     0.51,     0.39,     0.59

  757.63,  512,      1.9,    11.38,   -20.62,     1.42,     0.55,     0.46

  764.34,  512,    -1.89,    -8.70,    -3.48,    -1.50,     0.28,      0.3

  770.92,  512,     0.30,    -1.18,    -9.18,     0.77,     0.14,     0.33

  777.45,  512,     0.18,     6.91,    -18.8,     0.38,     0.26,     0.54

   784.3,  512,      1.2,    -7.14,    -2.75,     0.14,     0.41,     0.55

  790.64,  512,     1.58,    13.34,   -22.88,     1.39,     0.64,     0.49

  797.40,  512,    -1.69,    -7.25,     -2.4,    -1.42,     0.38,     0.11

   804.2,  512,     0.31,     1.54,   -11.76,     1.24,      0.0,     0.16

  810.54,  512,    -1.57,     1.18,   -12.46,     0.89,      0.4,     0.42

  817.13,  512,     0.28,    -5.59,     -1.2,     0.18,     0.36,     0.52

  823.63,  512,     1.54,    13.84,   -23.84,      1.3,     0.57,     0.81

  830.34,  512,     0.29,    -7.94,      0.0,     0.90,     0.37,     0.32

  836.78,  512,     0.34,     5.94,   -15.16,     1.36,     0.29,     0.12

  843.51,  512,    -2.26,    -2.89,    -8.12,    -1.28,     0.14,     0.22

  850.24,  512,     0.84,    -3.84,    -3.77,     0.44,     0.33,     0.49

  856.74,  512,     0.91,    11.30,   -21.91,     0.65,     0.57,     0.61

  863.33,  512,     1.10,     -8.4,     0.49,     0.84,     0.43,     0.48

  869.83,  512,     0.75,    10.86,    -20.7,     1.47,     0.78,     0.34

  876.52,  512,    -1.54,     -7.0,    -3.36,    -1.54,     0.30,      0.6

  883.15,  512,     0.82,     0.21,    -7.21,     0.76,     0.15,     0.24

  889.66,  512,     0.91,     1.43,   -12.56,     0.88,     0.20,     0.44

  896.26,  512,      1.0,    -6.78,    -1.75,     0.13,     0.43,     0.52

  902.87,  512,     1.87,    13.42,   -23.31,     1.14,     0.68,     0.52

  909.65,  512,     0.43,    -8.59,     0.34,    -1.23,     0.41,     0.37

  916.13,  512,    -1.65,     8.93,    -12.7,     1.55,     0.29,     0.17

  922.80,  512,    -1.50,    -6.19,    -3.88,    -1.47,     0.26,      0.4

  929.42,  512,     0.82,     -4.3,    -6.68,     0.56,     0.25,     0.29

  935.94,  512,     0.24,     2.51,   -21.64,      0.9,     0.41,     0.46

  942.47,  512,     0.94,    -6.73,    -2.11,     0.28,     0.44,     0.51

   949.5,  512,     1.11,    12.96,    -23.2,      1.3,     0.69,     0.81

  955.72,  512,     0.98,    -8.19,      0.7,     0.91,     0.42,     0.35

  962.17,  512,     0.97,      4.6,   -13.74,     1.37,     0.45,     0.23

  968.87,  512,    -1.55,    -7.70,    -6.78,    -1.51,     0.33,      0.1

  975.56,  512,     0.95,    -2.24,    -8.55,     0.71,      0.9,     0.25

   982.9,  512,     0.21,     6.18,   -16.61,     0.62,      0.8,     0.40

  988.68,  512,     0.24,    -5.99,    -3.75,      0.8,     0.35,     0.49

  995.25,  512,     2.10,     14.9,   -24.21,     0.77,     0.65,     0.51

 1001.90,  512,     0.83,    -7.67,     0.20,     -1.7,     0.44,     0.40

 1008.48,  512,      0.0,     6.74,   -16.43,     1.42,     0.40,     0.20

 1015.15,  512,     -2.1,    -5.43,    -5.26,    -1.52,     0.34,      0.4

 1021.76,  512,     0.59,    -1.36,    -9.72,     0.71,      0.8,     0.25

 1028.34,  512,     0.22,     4.58,    -15.3,     0.40,     0.20,     0.45

 1034.89,  512,     0.80,    -5.71,     0.77,     0.18,     0.36,     0.53

 1041.40,  512,     2.11,    13.81,   -23.72,     1.19,     0.66,     0.52

 1048.19,  512,     0.74,    -8.19,     0.12,    -1.26,     0.45,     0.28

 1054.77,  512,     0.35,      6.5,   -10.65,     1.29,     0.52,      0.3

 1061.37,  512,    -2.43,    -4.16,    -6.79,    -1.32,     0.22,     0.21

  1068.5,  512,     0.26,    -5.59,    -4.93,     0.33,     0.24,     0.46

 1074.58,  512,     0.44,     7.66,   -18.36,     0.26,     0.42,     0.55

 1081.18,  512,     0.61,    -7.78,     0.44,     0.65,     0.42,     0.49

 1087.69,  512,     2.15,    13.18,   -16.92,     1.44,     0.58,     0.36

 1094.46,  512,    -1.77,    -7.62,    -1.30,    -1.46,     0.36,      0.0

  1101.7,  512,     0.18,    -2.34,     -9.8,     0.80,     0.23,     0.26

 1107.57,  512,    -1.99,     0.42,   -10.91,     0.73,      0.9,     0.46

  1114.9,  512,     0.84,    -6.94,    -2.27,     0.15,     0.34,     0.57

 1120.69,  512,     1.49,    12.43,   -21.93,     1.13,     0.60,     0.80

 1127.46,  512,     0.29,     -8.1,     0.75,    -1.25,     0.40,     0.52

 1133.92,  512,     0.16,     1.81,   -11.95,     1.52,     0.50,     0.23

 1140.59,  512,    -2.47,    -4.53,    -6.69,    -1.19,     0.12,     0.34

 1147.28,  512,     0.49,    -5.77,    -5.30,     0.12,     0.30,     0.59

 1153.78,  512,     1.70,     7.56,   -23.60,     0.66,     0.56,     0.66

 1160.39,  512,     0.55,    -7.85,     0.65,     0.65,     0.44,     0.49

 1166.89,  512,     0.75,     6.36,   -15.36,     1.44,     0.46,     0.53

 1173.59,  512,     -2.6,     -7.5,    -7.73,    -1.44,     0.29,      0.9

 1180.20,  512,     0.18,    -3.41,    -7.87,     0.59,     0.15,     0.45

 1186.78,  512,     0.67,     2.41,   -21.13,     0.31,     0.33,     0.64

 1193.33,  512,     0.84,    -7.65,    -1.17,     0.58,     0.40,     0.62

 1199.90,  512,     1.39,    10.49,   -19.79,     1.40,     0.61,     0.50

 1206.69,  512,    -2.62,    -7.91,    -3.86,    -1.43,     0.39,      0.8

 1213.28,  512,     0.28,     0.79,    -9.65,     0.86,      0.6,     0.30

 1219.70,  512,     0.34,     -1.6,   -17.59,     0.53,     0.13,     0.28

 1226.32,  512,      1.6,    -7.19,    -2.86,     0.35,     0.36,     0.65

 1232.94,  512,     1.54,     12.8,   -22.39,     1.29,     0.59,     0.79

 1239.68,  512,    -2.64,    -8.99,    -2.25,    -1.39,     0.38,     0.10

 1246.31,  512,     0.63,     0.70,   -10.58,     0.89,      0.1,      0.3

 1252.70,  512,     0.77,     5.41,   -16.41,     0.61,     0.10,     0.50

 1259.33,  512,     1.10,    -7.18,    -2.98,     0.42,     0.36,     0.64

 1265.98,  512,     1.53,    11.77,   -22.15,     1.36,     0.55,     0.48

 1272.69,  512,    -2.54,    -6.37,    -2.55,    -1.41,     0.36,      0.7

 1279.31,  512,     0.43,     0.22,    -9.89,     0.86,      0.4,     0.33

 1285.71,  512,     0.64,     5.96,    -17.4,     0.43,     0.17,     0.28

 1292.34,  512,     0.85,    -7.44,    -2.87,     0.47,     0.36,     0.60

 1298.93,  512,     1.61,    11.69,   -21.75,     1.34,     0.54,     0.39

 1305.69,  512,    -2.69,    -5.80,    -2.93,    -1.39,     0.34,     0.24

 1312.32,  512,     0.93,     0.10,    -9.88,     0.99,      0.6,     0.43

 1318.66,  512,     0.58,     7.11,   -18.60,     0.50,     0.24,     0.57

 1325.35,  512,     0.93,    -7.89,    -1.75,     0.61,     0.39,     0.57

 1331.94,  512,     1.42,    10.49,   -19.89,     1.41,     0.50,     0.32

 1338.70,  512,    -2.71,    -4.63,    -4.84,    -1.36,     0.30,     0.12

 1345.32,  512,     0.89,    -1.73,    -8.71,     0.52,     0.13,     0.52

 1351.82,  512,      0.8,     8.79,   -20.28,     0.14,     0.35,     0.62

 1358.42,  512,     0.88,    -8.25,     0.97,     0.85,     0.37,     0.51

 1364.86,  512,     1.51,     8.83,   -17.76,     1.42,     0.42,     0.21

 1371.61,  512,    -2.59,    -2.88,    -7.25,    -1.26,     0.19,     0.24

 1378.31,  512,     0.94,    -3.88,    -3.41,     0.26,     0.26,     0.58

 1384.82,  512,     0.68,    11.34,   -22.64,     0.66,     0.47,     0.65

 1391.43,  512,     -1.8,    -7.99,     0.87,    -1.11,     0.38,     0.35

  1398.1,  512,     1.34,     6.56,    -15.6,     1.36,     0.27,      0.1

 1404.65,  512,    -2.61,     0.49,   -10.30,     -1.0,      0.7,     0.39

 1411.24,  512,      1.7,    -5.50,    -5.81,      0.3,     0.24,     0.64

 1417.80,  512,     0.93,    12.70,   -23.49,     0.78,     0.47,     0.55

 1424.43,  512,    -1.74,    -8.64,     0.14,    -1.27,     0.35,     0.18

  1431.5,  512,     1.57,     3.70,   -12.64,     1.12,     0.11,     0.26

 1437.71,  512,    -1.92,      3.5,   -14.52,     0.56,      0.8,     0.52

 1444.26,  512,     1.97,    -7.41,     0.26,     0.47,     0.30,     0.61

 1450.77,  512,     1.16,    11.63,   -21.56,     1.32,     0.46,     0.42

 1457.52,  512,    -2.78,    -5.28,    -3.51,    -1.34,     0.28,     0.10

 1464.13,  512,     1.45,     0.85,     -9.6,     0.60,      0.9,     0.50

 1470.56,  512,     0.25,     8.99,   -20.47,      0.6,     0.31,     0.65

 1477.17,  512,     0.89,    -8.58,     0.87,     0.87,     0.35,     0.50

 1483.69,  512,     1.34,     7.87,   -16.77,     1.41,     0.34,     0.14

 1490.44,  512,    -2.91,    -1.25,    -8.90,    -1.12,     0.13,     0.36

 1497.13,  512,     1.40,    -5.15,    -2.23,      0.3,     0.25,     0.65

 1503.65,  512,      1.2,    12.52,   -23.39,     0.99,     0.48,     0.58

 1510.26,  512,    -2.26,    -8.40,     0.70,    -1.28,     0.33,     0.16

 1516.84,  512,     1.62,     2.18,   -11.55,      1.3,      0.6,     0.26

 1523.44,  512,    -1.51,     5.42,   -16.81,     0.38,     0.12,     0.58

  1530.5,  512,     1.50,    -7.83,     -3.7,     0.58,     0.30,     0.61

 1536.64,  512,     1.29,     10.8,   -19.59,     1.38,     0.42,     0.30

 1543.33,  512,    -3.12,    -3.66,    -6.15,    -1.26,     0.20,     0.24

 1549.94,  512,     1.53,    -3.53,    -7.19,     0.26,     0.20,     0.61

 1556.48,  512,     0.46,    11.87,   -22.93,     0.69,     0.43,     0.66

  1563.9,  512,     0.83,    -8.72,      0.6,     0.90,     0.36,     0.31

 1569.56,  512,     1.20,     3.68,   -13.16,     1.21,     0.16,      0.2

 1576.27,  512,    -1.83,     3.49,   -14.32,     0.65,      0.3,     0.52

 1582.85,  512,     1.57,    -7.32,     -3.6,     0.36,     0.32,     0.65

 1589.40,  512,      1.2,    11.71,   -21.49,     1.37,     0.44,     0.47

  1596.9,  512,    -2.76,    -8.18,     -4.0,    -1.43,     0.29,      0.1

 1602.67,  512,     1.17,    -1.90,    -8.53,     0.65,      0.7,     0.47

 1609.27,  512,     0.12,    10.13,   -21.38,      0.6,     0.30,     0.65

 1615.88,  512,     0.94,    -8.58,     0.21,     0.67,     0.35,     0.48

 1622.39,  512,     1.28,     6.73,   -15.80,     1.41,     0.32,     0.12

 1629.14,  512,    -2.72,    -4.90,   -10.69,     -1.7,      0.9,     0.38

 1635.75,  512,     1.43,    -6.23,    -4.57,      0.6,     0.27,     0.66

 1642.26,  512,     1.15,    12.80,   -23.31,      1.8,     0.50,     0.59

 1648.94,  512,     0.62,    -8.51,     -2.8,    -1.35,     0.32,     0.16

 1655.54,  512,     1.18,      0.0,    -10.3,     0.94,      0.1,     0.31

 1661.93,  512,    -1.94,      0.8,   -19.15,     0.37,     0.18,     0.61

 1668.53,  512,      1.7,    -8.30,    -1.11,     0.35,     0.36,     0.62

 1675.20,  512,     1.40,     8.71,   -17.95,     1.44,     0.40,     0.31

 1681.95,  512,     -3.9,    -6.64,     -8.3,    -1.29,     0.18,     0.25

 1688.56,  512,     1.60,    -4.88,    -5.96,     0.23,     0.21,     0.62

  1695.9,  512,     0.74,     13.6,   -23.67,     0.73,     0.44,     0.65

 1701.66,  512,     0.18,    -8.59,     0.78,     0.93,     0.35,     0.32

 1708.18,  512,     1.31,     1.52,    -11.4,     1.18,     0.16,     0.13

 1714.88,  512,    -3.73,    -1.13,   -17.86,     0.51,      0.9,     0.29

 1721.48,  512,     1.39,    -8.13,    -1.45,     0.52,     0.33,     0.63

  1728.8,  512,     1.39,     9.54,   -18.99,     1.42,     0.45,     0.36

 1734.77,  512,    -2.53,    -6.81,    -1.37,    -1.33,     0.23,     0.17

 1741.38,  512,     1.61,     -5.2,    -6.12,     0.30,     0.19,     0.58

 1747.90,  512,     0.87,      8.9,   -24.21,     0.67,     0.45,     0.68

 1754.48,  512,     0.10,    -8.53,      1.3,     0.90,     0.36,     0.35

  1761.6,  512,     0.88,     1.28,    -11.3,     1.19,     0.15,      0.8

 1767.68,  512,    -2.80,    -1.58,    -8.84,     0.70,      0.5,     0.54

 1774.29,  512,     1.40,    -7.91,    -1.66,     0.14,     0.33,     0.64

 1780.83,  512,      1.8,    13.60,   -19.37,     1.36,     0.50,     0.51

 1787.57,  512,     -2.4,    -7.56,     0.63,    -1.42,     0.31,      0.4

  1794.9,  512,      1.1,    -3.88,    -6.99,     0.66,     0.11,     0.45

 1800.64,  512,    -1.24,     5.83,   -17.66,      0.1,     0.34,     0.66

 1807.30,  512,     0.46,    -8.73,     0.79,     0.95,     0.36,     0.51

 1813.82,  512,     0.97,    10.35,   -13.17,     1.39,     0.32,     0.14

 1820.52,  512,    -3.12,    -3.74,     -6.8,     -1.8,     0.11,     0.37

 1827.13,  512,     1.45,    -7.20,    -3.28,      0.7,     0.29,     0.65

 1833.71,  512,     0.15,    12.26,   -21.84,     1.15,     0.54,     0.58

 1840.39,  512,    -1.47,    -8.10,     0.52,    -1.34,     0.35,     0.13

 1846.93,  512,     1.24,    -1.75,    -8.63,     0.89,      0.0,     0.33

 1853.49,  512,    -1.90,     2.85,   -13.46,     0.27,     0.20,     0.61

 1860.13,  512,     0.94,    -8.60,     0.30,     0.68,     0.37,     0.60

 1866.63,  512,      1.5,    11.75,   -15.40,     1.41,     0.42,     0.30

 1873.39,  512,     -3.0,    -5.38,    -3.51,    -1.27,     0.21,     0.26

  1880.1,  512,     1.30,    -6.13,    -4.70,     0.20,     0.23,     0.60

 1886.52,  512,     0.17,     10.1,   -21.29,     0.77,     0.50,     0.66

 1893.10,  512,     0.79,    -8.48,     0.78,     0.92,     0.38,     0.32

 1899.62,  512,      1.6,     6.42,   -10.15,     1.20,     0.16,      0.9

 1906.32,  512,    -2.81,      0.8,   -10.53,     0.74,      0.6,     0.52

 1912.83,  512,     1.12,    -8.24,    -1.14,     0.11,     0.30,     0.66

 1919.52,  512,     1.41,    12.98,   -23.95,     1.36,     0.49,     0.42

 1926.20,  512,    -2.80,    -6.44,    -2.19,    -1.35,     0.55,     0.12

 1932.82,  512,     1.44,    -5.35,    -5.52,     0.67,     0.17,     0.28

 1939.38,  512,      0.9,     9.20,   -20.39,     0.58,     0.47,     0.69

 1945.91,  512,     0.27,    -8.60,     0.78,    -1.11,     0.38,     0.42

 1952.51,  512,     0.74,      7.8,   -16.73,     1.30,     0.18,      0.3

 1959.11,  512,    -2.63,    -1.40,     -9.8,     -1.1,      0.1,     0.44

 1965.72,  512,     1.16,    -7.76,    -1.62,     0.16,     0.30,     0.66

 1972.32,  512,     1.23,    13.73,   -24.30,     1.30,     0.54,     0.58

  1979.3,  512,     -2.5,    -7.77,     0.52,    -1.44,     0.37,      0.5

 1985.54,  512,     1.15,     1.93,    -7.11,     0.84,      0.1,     0.38

 1992.13,  512,    -1.20,     5.75,   -16.69,      0.1,     0.25,     0.64

 1998.72,  512,     0.66,    -8.86,     0.66,     0.79,     0.37,     0.56

 2005.24,  512,     1.25,    10.74,   -20.73,     1.46,     0.45,     0.27

  2012.2,  512,    -3.21,    -4.35,    -5.44,    -1.28,     0.22,     0.26

 2018.62,  512,     1.38,    -7.14,    -3.39,     0.13,     0.26,     0.60

 2025.17,  512,     0.83,    12.14,   -23.16,     0.95,     0.26,     0.66

 2031.76,  512,    -1.32,    -8.30,     0.55,    -1.28,     0.36,     0.30

 2038.35,  512,     0.94,     4.19,    -8.75,     1.12,     0.10,     0.17

  2045.1,  512,    -1.89,     2.10,   -12.96,     0.76,     0.13,     0.57

 2051.61,  512,     0.94,    -8.54,     0.15,     0.51,     0.33,     0.63

  2058.6,  512,     1.34,    12.79,    -23.8,     1.45,     0.50,     0.44

 2064.82,  512,    -2.99,    -5.81,    -3.12,    -1.42,     0.28,     0.13

 2071.44,  512,     1.25,    -1.66,    -4.48,     0.44,     0.15,     0.54

  2078.2,  512,      0.4,    10.58,   -21.91,     0.62,     0.44,     0.68

 2084.54,  512,     0.68,    -8.75,      1.7,     -1.7,     0.37,     0.43

 2091.15,  512,      1.8,     6.78,    -16.0,     1.34,     0.27,      0.2

 2097.76,  512,    -2.64,     0.15,   -10.36,     0.94,      0.4,     0.45

 2104.32,  512,     1.21,    -6.56,     0.87,     0.25,     0.31,     0.66

 2110.86,  512,     1.53,    13.91,   -24.64,     1.31,     0.55,     0.55

 2117.65,  512,    -2.74,    -6.92,    -1.71,    -1.16,     0.33,      0.3

 2124.23,  512,     1.17,     0.76,    -5.29,     0.65,      0.9,     0.44

 2130.68,  512,     0.33,     9.28,   -20.85,     0.18,     0.35,     0.68

 2137.30,  512,     0.12,    -8.51,     1.16,     0.93,     0.40,     0.50

 2143.89,  512,     0.99,     7.89,   -17.11,     1.46,     0.34,     0.17

 2150.56,  512,    -2.90,    -1.99,    -8.15,    -1.24,     0.16,     0.35

 2157.25,  512,     1.12,    -5.67,    -1.82,      0.6,     0.27,     0.63

 2163.79,  512,     1.35,    13.99,    -25.9,     1.10,     0.52,     0.60

 2170.46,  512,    -2.18,    -7.60,     0.21,    -1.35,     0.37,     0.16

  2177.7,  512,      1.6,     1.42,   -10.53,     0.98,      0.2,     0.29

 2183.57,  512,    -1.14,     5.81,    -17.1,     0.58,     0.18,     0.59

 2190.15,  512,     1.30,    -8.19,     0.62,     0.63,     0.37,     0.63

 2196.70,  512,     1.29,    10.97,   -20.80,     1.50,     0.48,     0.35

 2203.45,  512,    -2.86,    -4.23,    -5.10,    -1.40,     0.26,     0.18

  2210.7,  512,     0.94,    -3.83,    -5.83,     0.30,     0.22,     0.57

 2216.57,  512,     0.96,    12.85,   -24.39,     0.66,     0.50,     0.69

 2223.18,  512,      0.2,    -8.83,     0.79,    -1.15,     0.39,     0.42

 2229.77,  512,     0.94,     4.99,   -13.92,     1.33,     0.50,     0.26

 2236.46,  512,    -2.25,     0.63,   -11.36,     -1.1,      0.5,     0.44

 2242.97,  512,      1.4,    -6.97,     -4.8,     0.24,     0.31,     0.65

 2249.55,  512,     1.60,     14.2,   -24.87,     1.28,     0.55,     0.56

 2256.19,  512,    -2.52,    -8.60,    -1.41,    -1.16,     0.33,     0.11

 2262.87,  512,     0.87,     0.35,    -9.15,     0.82,     0.25,     0.38

 2269.30,  512,     0.61,     8.10,   -19.47,     0.29,     0.24,     0.61

 2275.96,  512,     0.96,    -8.51,    -1.37,     0.77,     0.38,     0.60

 2282.52,  512,     1.34,     9.56,   -18.96,     1.48,     0.46,     0.29

 2289.26,  512,    -2.98,     -3.5,    -6.67,    -1.35,     0.26,     0.20

 2295.88,  512,      1.8,    -4.56,    -6.10,     0.22,     0.23,     0.60

 2302.39,  512,     1.12,    13.63,   -24.90,     0.88,     0.56,     0.67

  2309.5,  512,     0.37,    -8.76,     0.20,    -1.22,     0.43,     0.37

 2315.58,  512,     0.31,     2.94,   -12.13,     1.22,     0.17,      0.2

 2322.25,  512,    -1.38,     2.67,   -13.54,     0.89,      0.6,     0.44

 2328.81,  512,     0.99,    -6.73,    -3.87,     0.23,     0.35,     0.66

 2335.39,  512,     1.49,     13.6,   -23.60,     1.31,     0.59,     0.57

  2342.8,  512,    -2.42,    -8.53,    -1.80,    -1.42,     0.38,     0.17

 2348.70,  512,     0.37,      0.9,    -9.48,     0.85,     0.23,     0.29

  2355.9,  512,     0.40,    -1.81,   -17.88,     0.49,     0.15,     0.54

 2361.72,  512,     0.88,    -7.65,    -2.44,     0.49,     0.37,     0.64

 2368.31,  512,     1.13,    10.68,   -20.31,     1.43,     0.51,     0.41

  2375.7,  512,    -2.53,    -8.69,    -4.28,    -1.44,     0.55,      0.8

 2381.68,  512,     0.59,    -2.11,    -8.16,     0.56,     0.11,     0.47

 2388.21,  512,     0.46,    10.62,   -22.25,     0.26,     0.37,     0.66

 2394.82,  512,      1.1,    -8.34,     0.41,     0.88,     0.39,     0.48

 2401.32,  512,     0.81,     7.57,   -16.52,     1.46,     0.44,     0.52

  2408.1,  512,    -2.67,    -6.77,    -7.75,    -1.31,     0.21,     0.26

 2414.70,  512,     0.96,    -4.70,    -6.13,     0.20,     0.24,     0.59

 2421.20,  512,     1.18,    13.49,    -25.1,     0.75,     0.26,     0.67

 2427.82,  512,     0.21,    -8.98,     0.58,    -1.16,     0.42,     0.39

 2434.41,  512,     0.65,      4.9,   -12.94,     1.32,     0.24,      0.0

  2441.1,  512,    -1.91,    -4.65,   -12.38,     -1.1,      0.6,     0.41

 2447.62,  512,     0.94,    -6.76,    -4.15,     0.15,     0.36,     0.65

 2454.20,  512,     1.79,    13.64,   -24.56,     1.26,     0.60,     0.57

 2460.89,  512,    -2.40,    -8.69,    -1.25,    -1.39,     0.38,     0.15

 2467.52,  512,     0.80,     0.18,    -9.48,     0.87,      0.4,     0.29

 2473.92,  512,     0.48,    -1.43,   -18.58,     0.40,     0.17,     0.57

 2480.56,  512,     0.91,    -8.26,    -1.96,     0.61,     0.40,     0.59

 2487.14,  512,     1.40,    10.61,    -20.2,     1.48,     0.79,     0.37

 2493.90,  512,    -2.85,    -7.71,     -5.8,    -1.41,     0.29,     0.16

 2500.51,  512,     0.87,    -3.24,    -6.91,     0.71,     0.17,     0.51

  2507.3,  512,     0.75,     12.9,   -23.52,     0.43,     0.43,     0.66

 2513.64,  512,     0.45,    -8.97,     0.41,     -1.4,     0.40,     0.46

 2520.21,  512,     1.15,     6.18,   -14.88,     1.42,     0.31,      0.7

 2526.83,  512,    -2.45,    -4.81,    -9.90,    -1.40,     0.11,     0.36

 2533.51,  512,     1.13,     -6.8,    -4.80,      0.2,     0.27,     0.66

  2540.2,  512,     1.37,    13.55,   -24.80,     1.10,     0.51,     0.62

 2546.72,  512,    -1.13,    -9.10,     0.94,    -1.41,     0.35,     0.18

 2553.25,  512,     1.22,     0.70,    -9.86,      1.6,      0.7,     0.27

 2559.76,  512,     0.58,     0.80,   -18.27,     0.35,     0.14,     0.56

 2566.29,  512,     1.20,    -8.37,    -1.48,     0.60,     0.33,     0.63

  2573.1,  512,     1.31,      9.6,   -18.79,     1.46,     0.41,     0.34

 2579.64,  512,    -3.14,    -7.11,    -7.29,    -1.35,     0.24,     0.24

 2586.33,  512,     1.49,    -4.92,    -5.55,     0.22,     0.20,     0.60

 2592.89,  512,      1.2,    13.49,   -24.44,     0.95,     0.45,     0.63

 2599.44,  512,     0.50,     -9.5,     0.47,    -1.29,     0.36,     0.27

  2606.5,  512,     1.47,     0.99,   -10.20,     1.11,     0.11,     0.24

 2612.64,  512,    -3.46,      0.2,   -18.57,     0.37,     0.14,     0.60

 2619.16,  512,      1.6,    -8.70,    -1.34,     0.62,     0.34,     0.65

 2625.77,  512,     1.16,     7.71,   -17.20,     1.45,     0.38,     0.30

 2632.52,  512,    -3.13,    -5.90,    -2.20,    -1.26,     0.18,     0.26

 2639.15,  512,     1.50,    -6.60,    -4.30,      0.7,     0.27,     0.67