----time, Mpow,     accX,     accY,     accZ,    gyroX,    gyroY,    gyroZ

     6.7,    0,      0.0,      0.0,    -9.79,      0.0,      0.0,      0.0

   11.86,    0,      0.0,      0.2,    -9.79,      0.0,      0.0,      0.0

   18.11,    0,      0.0,      0.1,    -9.78,      0.0,      0.0,      0.0

   24.50,    0,      0.3,      0.0,    -9.78,      0.0,      0.0,      0.0

   30.97,    0,      0.0,      0.2,    -9.78,      0.0,      0.0,      0.0

   37.45,    0,      0.0,      0.0,    -9.81,      0.0,      0.0,      0.0

   43.99,    0,      0.1,      0.2,    -9.82,      0.0,      0.1,      0.0

   50.57,    0,      0.0,      0.0,    -9.80,      0.0,      0.0,      0.0

   57.15,    0,      0.4,      0.0,    -9.79,      0.0,      0.0,      0.0

   63.76,    0,      0.1,      0.0,    -9.77,      0.0,      0.0,      0.0

   70.44,    0,      0.3,      0.0,    -9.77,      0.0,      0.0,      0.0

    77.1,    0,      0.2,      0.0,    -9.79,      0.0,      0.0,      0.0

   83.61,    0,      0.2,      0.0,    -9.82,      0.0,      0.0,      0.0

   90.24,    0,      0.2,      0.0,    -9.79,      0.0,      0.0,      0.0

   96.85,    0,      0.1,      0.1,    -9.81,      0.0,      0.0,      0.0

  103.50,    0,      0.0,      0.0,    -9.84,      0.0,      0.0,      0.0

   110.5,    0,      0.3,      0.1,    -9.81,      0.0,      0.0,      0.0

  116.65,    0,      0.0,      0.0,    -9.83,      0.0,      0.0,      0.0

  123.22,    0,      0.4,      0.3,    -9.81,      0.0,      0.0,      0.0

  129.88,    0,      0.0,      0.0,    -9.79,      0.0,      0.0,      0.0

  136.51,    0,      0.0,      0.0,    -9.80,      0.0,      0.0,      0.0

  143.13,    0,      0.0,      0.2,    -9.82,      0.0,      0.0,      0.0

  149.70,    0,      0.1,      0.0,    -9.78,      0.0,      0.0,      0.0

  156.30,    0,      0.0,      0.1,    -9.83,      0.0,      0.0,      0.0

  162.90,    0,      0.3,      0.2,    -9.83,      0.0,      0.1,      0.0

  169.48,    0,      0.1,      0.0,    -9.81,      0.0,      0.0,      0.0

  176.11,    0,      0.2,      0.1,    -9.79,      0.0,      0.0,      0.0

  182.71,    0,      0.2,      0.4,    -9.77,      0.0,      0.0,      0.0

  189.35,    0,      0.0,      0.2,    -9.82,      0.0,      0.0,      0.0

  195.91,    0,      0.1,      0.0,    -9.83,      0.0,      0.0,      0.0

  202.51,    0,      0.2,      0.1,    -9.83,      0.0,      0.0,      0.0

  209.11,    0,      0.1,      0.2,    -9.82,      0.0,      0.0,      0.0

  215.75,    0,      0.3,      0.1,    -9.80,      0.0,      0.0,      0.0

  222.40,    0,      0.1,      0.0,    -9.81,      0.0,      0.0,      0.0

   229.0,    0,      0.0,      0.2,    -9.78,      0.0,      0.0,      0.0

  235.61,    0,      0.0,      0.0,    -9.83,      0.0,      0.0,      0.0

  242.17,    0,      0.0,      0.0,    -9.79,      0.0,      0.0,      0.0

  248.80,    0,      0.0,      0.0,    -9.83,      0.0,      0.0,      0.0

  255.41,    0,      0.2,      0.0,    -9.83,      0.0,      0.0,      0.0

   262.1,    0,      0.1,      0.1,    -9.75,      0.0,      0.0,      0.0

  268.60,    0,      0.1,      0.0,    -9.78,      0.0,      0.0,      0.0

  275.21,    0,      0.0,      0.2,    -9.79,      0.0,      0.0,      0.0

  281.80,    0,      0.2,      0.0,    -9.81,      0.0,      0.0,      0.0

  288.38,    0,      0.2,      0.1,    -9.81,      0.0,      0.0,      0.0

   295.5,    0,      0.2,      0.2,    -9.81,      0.0,      0.0,      0.0

  301.61,    0,      0.0,      0.3,    -9.81,      0.0,      0.0,      0.0

  308.20,    0,      0.0,      0.0,    -9.77,      0.0,      0.0,      0.0

  314.82,    0,      0.0,      0.0,    -9.81,      0.0,      0.0,      0.0

  321.37,    0,      0.1,      0.0,    -9.79,      0.0,      0.0,      0.0

   328.1,    0,      0.1,      0.0,    -9.82,      0.0,      0.0,      0.0

  334.62,    0,      0.1,      0.1,    -9.81,      0.0,      0.0,      0.0

  341.22,    0,      0.2,      0.0,    -9.81,      0.0,      0.0,      0.0

  347.79,    0,      0.0,      0.2,    -9.83,      0.0,      0.0,      0.0

  354.41,    0,      0.2,      0.1,    -9.82,      0.0,      0.0,      0.0

   361.6,    0,      0.0,      0.1,    -9.79,      0.0,      0.0,      0.0

  367.62,    0,      0.1,      0.0,    -9.80,      0.0,      0.0,      0.0

  374.23,    0,      0.3,      0.1,    -9.79,      0.0,      0.0,      0.0

  380.83,    0,      0.2,      0.0,    -9.80,      0.0,      0.0,      0.0

  387.43,    0,      0.1,      0.0,    -9.78,      0.0,      0.0,      0.0

   394.4,    0,      0.0,      0.0,    -9.79,      0.0,      0.0,      0.0

  400.63,    0,      0.0,      0.0,    -9.80,      0.0,      0.0,      0.0

  407.23,    0,      0.3,      0.0,    -9.84,      0.0,      0.0,      0.0

  413.84,    0,      0.2,      0.2,    -9.81,      0.0,      0.0,     0.27

  420.48,    0,      0.0,      0.0,    -9.81,      0.0,      0.0,      0.0

   427.3,    0,      0.0,      0.0,    -9.79,      0.0,      0.0,      0.0

  433.64,    0,      0.2,      0.4,    -9.80,      0.0,      0.0,      0.0

  440.28,    0,      0.3,      0.1,    -9.80,      0.0,      0.0,      0.0

  446.84,    0,      0.0,      0.0,    -9.82,      0.0,      0.0,      0.0

  453.41,    0,      0.1,      0.0,    -9.81,      0.0,      0.0,      0.0

   460.4,    0,      0.0,      0.4,    -9.83,      0.0,      0.0,      0.0

  466.60,    0,      0.1,      0.0,    -9.80,      0.0,      0.0,      0.0

  473.25,    0,      0.1,      0.0,    -9.81,      0.0,      0.0,      0.0

  479.83,    0,      0.0,      0.1,    -9.83,      0.0,      0.0,      0.0

  486.45,    0,      0.2,      0.0,    -9.80,      0.0,      0.0,      0.0

   493.3,    0,      0.2,      0.0,    -9.81,      0.0,      0.0,      0.0

  499.64,    0,      0.0,      0.4,    -9.81,      0.0,      0.0,      0.0

  506.25,    0,      0.3,      0.0,    -9.83,      0.0,      0.0,      0.0

  512.84,    0,      0.1,      0.0,    -9.82,      0.0,      0.0,      0.0

  519.46,    0,      0.1,      0.0,    -9.81,      0.0,      0.0,      0.0

   526.3,    0,      0.3,      0.2,    -9.78,      0.0,      0.0,      0.0

  532.61,    0,      0.1,      0.3,    -9.78,      0.0,      0.0,      0.0

  539.26,    0,      0.0,      0.3,    -9.81,      0.0,      0.0,      0.0

  545.85,    0,      0.2,      0.1,    -9.78,      0.0,      0.0,      0.0

  552.42,    0,      0.0,      0.2,    -9.83,      0.0,      0.0,      0.0

   559.5,    0,      0.1,      0.1,    -9.78,      0.0,      0.0,      0.0

  565.66,    0,      0.3,      0.0,    -9.81,      0.0,      0.0,      0.0

  572.24,    0,      0.2,      0.2,    -9.81,      0.0,      0.0,      0.0

  578.87,    0,      0.4,      0.0,    -9.83,      0.0,      0.0,      0.0

  585.45,    0,      0.1,      0.0,    -9.81,      0.0,      0.0,      0.0

   592.7,    0,      0.1,      0.0,    -9.83,      0.0,      0.0,      0.0

  598.67,    0,      0.0,      0.0,    -9.84,      0.0,      0.0,      0.0

  605.22,    0,      0.0,      0.1,    -9.83,      0.0,      0.0,      0.0

  611.83,    0,      0.1,      0.0,    -9.80,      0.0,      0.0,      0.0

  618.46,    0,      0.0,      0.1,    -9.86,      0.0,      0.0,      0.0

   625.3,    0,      0.4,      0.0,    -9.82,      0.0,      0.0,      0.0

  631.68,    0,      0.0,      0.2,    -9.83,      0.0,      0.0,      0.0

  638.27,    0,      0.1,      0.2,    -9.81,      0.0,      0.0,      0.0

  644.86,    0,      0.1,      0.0,    -9.76,      0.0,      0.0,     0.27

  651.52,    0,      0.1,      0.4,    -9.77,      0.0,      0.0,      0.0

   658.8,    0,      0.4,      0.3,    -9.78,      0.0,     0.28,      0.0

  664.69,    0,      0.0,      0.0,    -9.83,      0.0,      0.0,      0.0

  671.25,    0,      0.0,      0.1,    -9.82,      0.0,      0.0,      0.0

  677.89,    0,      0.1,      0.1,    -9.82,      0.0,      0.0,      0.0

  684.52,    0,      0.0,      0.3,    -9.80,      0.0,      0.0,      0.0

   691.8,    0,      0.0,      0.2,    -9.82,      0.0,      0.0,      0.0

  697.64,    0,      0.1,      0.0,    -9.83,      0.0,      0.0,      0.0

  704.28,    0,      0.4,      0.0,    -9.85,      0.0,      0.0,      0.0

  710.88,    0,      0.3,      0.1,    -9.83,      0.0,      0.0,      0.0

  717.44,    0,      0.1,      0.2,    -9.83,      0.0,      0.0,      0.0

   724.9,    0,      0.1,      0.2,    -9.80,      0.0,      0.0,      0.0

  730.72,    0,      0.2,      0.0,    -9.80,      0.0,      0.0,      0.0

  737.27,    0,      0.0,      0.1,    -9.76,      0.0,      0.0,      0.0

  743.89,    0,      0.1,      0.0,    -9.74,      0.0,      0.0,      0.0

  750.48,    0,      0.2,      0.1,    -9.83,      0.0,      0.0,      0.0

  757.10,    0,      0.5,      0.0,    -9.81,      0.0,      0.0,      0.0

  763.66,    0,      0.3,      0.1,    -9.79,      0.0,      0.0,      0.0

  770.29,    0,      0.3,      0.0,    -9.81,      0.0,      0.0,      0.0

  776.89,    0,      0.3,      0.0,    -9.80,      0.0,      0.0,      0.0

  783.50,    0,      0.2,      0.1,    -9.79,      0.0,      0.0,      0.0

  790.11,    0,      0.1,      0.2,    -9.79,      0.0,      0.0,      0.0

  796.65,    0,      0.0,      0.1,    -9.80,      0.0,      0.0,      0.0

  803.21,    0,      0.0,      0.4,    -9.82,      0.0,      0.0,      0.0

  809.89,    0,      0.2,      0.0,    -9.78,      0.0,      0.0,      0.0

  816.50,    0,      0.0,      0.0,    -9.79,      0.0,      0.0,      0.0

  823.10,    0,      0.1,      0.0,    -9.77,      0.0,      0.0,      0.0

  829.70,    0,      0.2,      0.2,    -9.85,      0.0,      0.0,      0.0

  836.30,    0,      0.3,      0.3,    -9.79,      0.0,      0.0,      0.0

  842.92,    0,      0.0,      0.2,    -9.83,      0.0,      0.0,      0.0

  849.51,    0,      0.1,      0.1,    -9.86,      0.0,      0.0,      0.0

  856.15,    0,      0.1,      0.0,    -9.81,      0.0,      0.0,      0.0

  862.75,    0,      0.1,      0.2,    -9.83,      0.0,      0.0,      0.0

  869.35,    0,      0.0,      0.1,    -9.81,      0.0,      0.0,      0.0

  875.88,    0,      0.1,      0.0,    -9.83,      0.0,      0.0,      0.0

  882.51,    0,      0.0,      0.1,    -9.85,      0.0,      0.0,      0.0

  889.10,    0,      0.1,      0.0,    -9.80,      0.0,      0.0,      0.0

  895.72,    0,      0.2,      0.0,    -9.82,      0.0,      0.0,      0.0

  902.29,    0,      0.0,      0.2,    -9.81,      0.0,      0.0,      0.0

  908.92,    0,      0.0,      0.0,    -9.82,      0.0,      0.0,      0.0

  915.48,    0,      0.1,      0.0,    -9.77,      0.0,      0.0,      0.0

  922.12,    0,      0.0,      0.5,    -9.80,      0.0,      0.0,      0.0

  928.63,    0,      0.2,      0.6,    -9.81,      0.0,      0.0,      0.0

  935.24,    0,      0.3,      0.1,    -9.77,      0.0,      0.0,      0.0

  941.91,    0,      0.1,      0.0,    -9.77,      0.0,      0.0,      0.0

  948.53,    0,      0.3,      0.0,    -9.77,      0.0,      0.0,      0.0

  955.10,    0,      0.0,      0.2,    -9.82,      0.0,      0.0,      0.0

  961.70,    0,      0.1,      0.0,    -9.82,      0.0,      0.0,      0.0

  968.33,    0,      0.6,      0.1,    -9.79,      0.0,      0.0,      0.0

  974.93,    0,      0.1,      0.0,    -9.82,      0.0,      0.0,      0.0

  981.53,    0,      0.5,      0.0,    -9.80,      0.0,      0.0,      0.0

  988.14,    0,      0.0,      0.2,    -9.77,      0.0,      0.0,      0.0

  994.73,    0,      0.0,      0.0,    -9.82,      0.0,      0.0,      0.0

 1001.34,    0,      0.0,      0.3,    -9.83,      0.0,      0.0,      0.0

 1007.97,    0,      0.2,      0.0,    -9.79,      0.0,      0.0,      0.0

 1014.59,    0,      0.2,      0.0,    -9.80,      0.0,      0.0,      0.0

 1021.22,    0,      0.0,      0.1,    -9.78,      0.0,      0.0,      0.0

 1027.82,    0,      0.0,      0.0,    -9.79,      0.0,      0.0,      0.0

 1034.43,    0,      0.1,      0.0,    -9.76,      0.0,      0.0,      0.0

  1041.2,    0,      0.2,      0.0,    -9.77,      0.0,      0.0,      0.0

 1047.64,    0,      0.1,      0.0,    -9.81,      0.0,      0.0,      0.0

 1054.20,    0,      0.2,      0.2,    -9.78,      0.0,      0.0,      0.0

 1060.84,    0,      0.4,      0.0,    -9.79,      0.0,      0.0,      0.0

 1067.41,    0,      0.2,      0.0,    -9.82,      0.0,      0.0,      0.0

  1074.0,    0,      0.1,      0.1,    -9.79,      0.0,      0.0,      0.0

 1080.59,    0,      0.0,      0.0,    -9.80,      0.0,      0.0,      0.0

 1087.19,    0,      0.1,      0.2,    -9.80,      0.0,      0.0,      0.0

 1093.81,    0,      0.0,      0.0,    -9.80,      0.0,      0.0,      0.0

 1100.43,    0,      0.1,      0.1,    -9.79,      0.0,      0.0,      0.0

 1106.95,    0,      0.0,      0.1,    -9.82,      0.0,      0.0,      0.0

 1113.55,    0,      0.1,      0.0,    -9.83,      0.0,      0.0,      0.0

 1120.13,    0,      0.0,      0.0,    -9.82,      0.0,      0.0,      0.0

 1126.71,    0,      0.6,      0.3,    -9.78,      0.0,      0.0,      0.0

 1133.36,    0,      0.1,      0.0,    -9.79,      0.0,      0.0,      0.0

 1139.99,    0,      0.2,      0.0,    -9.83,      0.0,      0.0,      0.0

 1146.60,    0,      0.2,      0.2,    -9.83,      0.0,      0.0,      0.0

 1153.25,    0,      0.1,      0.2,    -9.84,      0.0,      0.0,      0.0

 1159.82,    0,      0.2,      0.1,    -9.83,      0.0,      0.0,      0.0

 1166.41,    0,      0.1,      0.7,    -9.78,      0.0,      0.0,      0.0

  1173.6,    0,      0.2,      0.0,    -9.80,      0.0,      0.0,      0.0

 1179.65,    0,      0.1,      0.0,    -9.80,      0.0,      0.0,      0.0

 1186.17,    0,      0.0,      0.1,    -9.78,      0.0,      0.0,      0.0

 1192.83,    0,      0.0,      0.0,    -9.79,      0.0,      0.0,      0.0

 1199.44,    0,      0.2,      0.0,    -9.79,      0.0,      0.0,      0.0

  1206.5,    0,      0.2,      0.0,    -9.80,      0.0,      0.0,     0.27

 1212.63,    0,      0.0,      0.2,    -9.82,      0.0,      0.0,      0.0

 1219.26,    0,      0.0,      0.0,    -9.78,      0.0,      0.0,      0.0

 1225.84,    0,      0.0,      0.1,    -9.80,      0.0,      0.0,      0.0

 1232.42,    0,      0.3,      0.1,    -9.79,      0.0,      0.0,      0.0

  1239.7,    0,      0.0,      0.0,    -9.80,      0.0,      0.0,      0.0

 1245.64,    0,      0.3,      0.0,    -9.83,      0.0,      0.0,      0.0

 1252.27,    0,      0.0,      0.0,    -9.79,      0.0,      0.0,      0.0

 1258.84,    0,      0.4,      0.1,    -9.77,      0.0,      0.0,      0.0

 1265.44,    0,      0.3,      0.2,    -9.80,      0.0,      0.0,      0.0

  1272.5,    0,      0.2,      0.0,    -9.77,      0.0,      0.0,      0.0

 1278.65,    0,      0.2,      0.2,    -9.81,      0.0,      0.0,      0.0

 1285.28,    0,      0.3,      0.0,    -9.80,      0.0,      0.0,      0.0

 1291.84,    0,      0.0,      0.2,    -9.79,      0.0,      0.0,      0.0

 1298.46,    0,      0.0,      0.1,    -9.80,      0.0,      0.0,      0.0

  1305.7,    0,      0.1,      0.4,    -9.81,      0.0,      0.0,      0.0

 1311.64,    0,      0.2,      0.1,    -9.83,      0.0,      0.0,      0.0

 1318.28,    0,      0.0,      0.0,    -9.79,      0.0,      0.0,      0.0

 1324.84,    0,      0.0,      0.0,    -9.82,      0.0,      0.0,      0.0

 1331.47,    0,      0.2,      0.0,    -9.79,      0.0,      0.0,      0.0

  1338.4,    0,      0.1,      0.2,    -9.80,      0.0,      0.0,      0.0

 1344.63,    0,      0.0,      0.1,    -9.80,      0.0,      0.0,      0.0

 1351.23,    0,      0.1,      0.0,    -9.82,      0.0,      0.0,      0.0

 1357.79,    0,      0.1,      0.1,    -9.80,      0.0,      0.0,      0.0

 1364.40,    0,      0.1,      0.2,    -9.81,      0.0,      0.0,      0.0

  1371.0,    0,      0.0,      0.2,    -9.80,      0.0,      0.0,      0.0

 1377.59,    0,      0.2,      0.0,    -9.78,      0.0,      0.0,      0.0

 1384.20,    0,      0.0,      0.0,    -9.80,      0.0,      0.0,      0.0

 1390.81,    0,      0.1,      0.0,    -9.79,      0.0,      0.0,      0.0

 1397.41,    0,      0.5,      0.1,    -9.85,      0.0,      0.0,      0.0

  1404.2,    0,      0.1,      0.1,    -9.81,      0.0,      0.0,      0.0

 1410.64,    0,      0.0,      0.1,    -9.83,      0.0,      0.0,      0.0

 1417.29,    0,      0.1,      0.0,    -9.83,      0.0,      0.1,      0.0

 1423.87,    0,      0.4,      0.3,    -9.80,      0.0,      0.0,      0.0

 1430.49,    0,      0.4,      0.1,    -9.79,      0.0,      0.0,      0.0

 1437.10,    0,      0.4,      0.0,    -9.80,      0.0,      0.0,      0.0

 1443.68,    0,      0.1,      0.4,    -9.78,      0.0,      0.0,      0.0

 1450.31,    0,      0.0,      0.1,    -9.83,      0.0,      0.0,      0.0

 1456.89,    0,      0.3,      0.2,    -9.81,      0.0,      0.0,      0.0

 1463.47,    0,      0.1,      0.0,    -9.78,      0.0,      0.0,      0.0

 1470.10,    0,      0.1,      0.1,    -9.83,      0.0,      0.0,      0.0

 1476.61,    0,      0.1,      0.4,    -9.83,      0.0,      0.0,      0.0

 1483.22,    0,      0.0,      0.1,    -9.82,      0.0,      0.0,      0.0

 1489.81,    0,      0.0,      0.2,    -9.81,      0.0,      0.0,      0.0

 1496.41,    0,      0.0,      0.3,    -9.82,      0.0,      0.1,      0.0

  1503.2,    0,      0.1,      0.0,    -9.82,      0.0,      0.0,      0.1

 1509.62,    0,      0.0,      0.1,    -9.80,      0.0,      0.0,     0.27

 1516.27,    0,      0.1,      0.0,    -9.81,      0.0,      0.0,      0.0

 1522.90,    0,      0.1,      0.0,    -9.81,      0.0,      0.0,      0.0

 1529.52,    0,      0.3,      0.3,    -9.80,      0.0,      0.1,      0.0

  1536.3,    0,      0.4,      0.2,    -9.78,      0.0,      0.0,      0.0

 1542.59,    0,      0.0,      0.2,    -9.80,      0.0,      0.0,      0.0

 1549.23,    0,      0.4,      0.1,    -9.82,      0.0,      0.0,      0.0

 1555.83,    0,      0.2,      0.0,    -9.77,      0.0,      0.0,      0.0

 1562.44,    0,      0.2,      0.0,    -9.80,      0.0,      0.0,      0.0

  1569.4,    0,      0.4,      0.2,    -9.80,      0.0,      0.0,      0.0

 1575.63,    0,      0.0,      0.2,    -9.84,      0.0,      0.0,      0.0

 1582.19,    0,      0.3,      0.2,    -9.81,      0.0,      0.0,      0.0

 1588.84,    0,      0.1,      0.2,    -9.82,      0.0,      0.0,      0.0

 1595.47,    0,      0.0,      0.0,    -9.80,      0.0,      0.0,      0.0

  1602.4,    0,      0.1,      0.0,    -9.78,      0.0,      0.0,      0.0

 1608.67,    0,      0.1,      0.0,    -9.83,      0.0,      0.0,      0.0

 1615.28,    0,      0.0,      0.0,    -9.82,      0.0,      0.0,      0.0

 1621.88,    0,      0.2,      0.1,    -9.79,      0.0,      0.0,      0.0

 1628.49,    0,      0.0,      0.0,    -9.80,      0.0,      0.0,      0.0

 1635.13,    0,      0.0,      0.2,    -9.82,      0.0,      0.0,      0.0

 1641.70,    0,      0.1,      0.2,    -9.82,      0.0,      0.0,      0.0

 1648.33,    0,      0.0,      0.1,    -9.83,      0.0,      0.0,      0.0

 1654.90,    0,      0.0,      0.0,    -9.76,      0.0,      0.0,      0.0

 1661.55,    0,      0.3,      0.1,    -9.81,      0.0,      0.0,      0.0

 1668.15,    0,      0.0,      0.0,    -9.83,      0.0,      0.0,      0.0

 1674.71,    0,      0.0,      0.1,    -9.82,      0.0,      0.0,      0.0

 1681.32,    0,      0.0,      0.0,    -9.82,      0.0,      0.0,      0.0

 1687.94,    0,      0.0,      0.0,    -9.81,      0.0,      0.0,      0.0

 1694.51,    0,      0.0,      0.0,    -9.79,      0.0,      0.0,     0.27

 1701.11,    0,      0.0,      0.1,    -9.79,      0.0,      0.0,      0.0

 1707.73,    0,      0.2,      0.1,    -9.82,      0.0,      0.0,      0.0

 1714.34,    0,      0.0,      0.1,    -9.82,      0.0,      0.0,      0.0

 1720.94,    0,      0.1,      0.1,    -9.79,      0.0,      0.0,      0.0

 1727.54,    0,      0.3,      0.2,    -9.79,      0.0,      0.0,      0.0

 1734.14,    0,      0.1,      0.1,    -9.84,      0.0,      0.0,      0.0

 1740.70,    0,      0.4,      0.2,    -9.80,      0.0,      0.0,      0.0

 1747.35,    0,      0.1,      0.2,    -9.79,      0.0,      0.0,      0.0

 1753.92,    0,      0.2,      0.0,    -9.80,      0.0,      0.0,      0.0

 1760.56,    0,      0.1,      0.0,    -9.81,      0.0,      0.0,      0.0

 1767.13,    0,      0.1,      0.0,    -9.78,      0.0,      0.0,      0.0

 1773.75,    0,      0.1,      0.1,    -9.79,      0.0,      0.0,      0.0

 1780.36,    0,      0.1,      0.2,    -9.79,      0.0,      0.0,      0.0

 1786.95,    0,      0.1,      0.3,    -9.81,      0.0,      0.0,      0.0

 1793.55,    0,      0.0,      0.0,    -9.83,      0.0,      0.0,      0.0

 1800.12,    0,      0.1,      0.1,    -9.79,      0.0,      0.0,      0.0

 1806.76,    0,      0.2,      0.0,    -9.82,      0.0,      0.0,      0.0

 1813.36,    0,      0.1,      0.0,    -9.77,      0.0,      0.0,      0.0

 1819.95,    0,      0.0,      0.2,    -9.81,      0.0,      0.0,      0.0

 1826.46,    0,      0.2,      0.2,    -9.78,      0.0,      0.0,      0.0

  1833.8,    0,      0.3,      0.0,    -9.86,      0.0,      0.0,      0.0

 1839.69,    0,      0.1,      0.1,    -9.74,      0.0,      0.0,      0.0

 1846.32,    0,      0.3,      0.4,    -9.80,      0.0,      0.0,      0.0

 1852.97,    0,      0.0,      0.0,    -9.82,      0.0,      0.0,      0.0

 1859.55,    0,      0.1,      0.0,    -9.81,      0.0,      0.0,      0.0

 1866.18,    0,      0.0,      0.0,    -9.83,      0.0,      0.0,      0.0

 1872.77,    0,      0.0,      0.0,    -9.83,      0.0,      0.0,      0.0

 1879.26,    0,      0.0,      0.0,    -9.83,      0.0,      0.0,      0.0

 1885.88,    0,      0.0,      0.1,    -9.79,      0.0,      0.0,      0.0

 1892.49,    0,      0.1,      0.0,    -9.83,      0.0,      0.0,      0.0

  1899.9,    0,      0.1,      0.1,    -9.79,      0.0,      0.0,      0.0

 1905.69,    0,      0.0,      0.3,    -9.83,      0.0,      0.0,      0.0

 1912.30,    0,      0.0,      0.0,    -9.75,      0.0,      0.0,      0.0

 1918.87,    0,      0.0,      0.0,    -9.83,      0.0,      0.0,      0.0

 1925.46,    0,      0.3,      0.0,    -9.83,      0.0,      0.0,      0.0

 1932.10,    0,      0.3,      0.0,    -9.80,      0.0,      0.0,      0.0

 1938.73,    0,      0.0,      0.1,    -9.82,      0.0,      0.0,      0.0

 1945.33,    0,      0.3,      0.0,    -9.77,      0.0,      0.0,      0.0

 1951.94,    0,      0.2,      0.0,    -9.80,      0.0,      0.0,      0.0

 1958.56,    0,      0.3,      0.1,    -9.78,      0.0,      0.0,      0.0

 1965.19,    0,      0.3,      0.0,    -9.81,      0.0,      0.0,      0.0

 1971.79,    0,      0.0,      0.1,    -9.79,      0.0,      0.0,      0.0

 1978.36,    0,      0.0,      0.1,    -9.77,      0.0,      0.0,      0.0

 1984.95,    0,      0.1,      0.2,    -9.78,      0.0,      0.0,      0.0

 1991.59,    0,      0.1,      0.0,    -9.80,      0.0,      0.0,      0.0

 1998.14,    0,      0.5,      0.0,    -9.79,      0.0,      0.0,      0.0

 2004.76,    0,      0.1,      0.2,    -9.79,      0.0,      0.0,      0.0

 2011.39,    0,      0.2,      0.3,    -9.84,      0.0,      0.0,      0.0

  2018.0,    0,      0.1,      0.2,    -9.86,      0.0,      0.0,      0.0

 2024.60,    0,      0.0,      0.0,    -9.83,      0.0,      0.0,      0.0

 2031.20,    0,      0.0,      0.2,    -9.83,      0.0,      0.0,      0.0

 2037.80,    0,      0.1,      0.0,    -9.81,      0.0,      0.0,      0.0

 2044.39,    0,      0.0,      0.0,    -9.79,      0.0,      0.0,      0.0

  2051.0,    0,      0.1,      0.2,    -9.81,      0.0,      0.0,      0.0

 2057.58,    0,      0.2,      0.1,    -9.80,      0.0,      0.0,      0.0

 2064.20,    0,      0.2,      0.2,    -9.81,      0.0,      0.0,      0.0

 2070.80,    0,      0.2,      0.0,    -9.80,      0.0,      0.0,     0.27

 2077.42,    0,      0.2,      0.2,    -9.82,      0.0,      0.0,      0.0

  2084.1,    0,      0.0,      0.1,    -9.81,      0.0,      0.0,      0.0

 2090.57,    0,      0.1,      0.2,    -9.82,      0.0,      0.0,      0.0

 2097.21,    0,      0.1,      0.0,    -9.79,      0.0,      0.0,      0.0

 2103.81,    0,      0.1,      0.3,    -9.77,      0.0,      0.0,      0.0

 2110.41,    0,      0.2,      0.2,    -9.77,      0.0,      0.0,      0.0

  2117.2,    0,      0.2,      0.2,    -9.86,      0.0,      0.0,      0.0

 2123.60,    0,      0.0,      0.0,    -9.84,      0.0,      0.0,      0.0

 2130.18,    0,      0.3,      0.5,    -9.77,      0.0,      0.0,      0.0

 2136.81,    0,      0.0,      0.0,    -9.82,      0.0,      0.0,      0.0

 2143.41,    0,      0.2,      0.0,    -9.79,      0.0,      0.0,      0.0

  2150.0,    0,      0.0,      0.0,    -9.82,      0.0,      0.0,      0.0

 2156.61,    0,      0.0,      0.0,    -9.79,      0.0,      0.0,      0.0

 2163.18,    0,      0.4,      0.3,    -9.81,      0.0,      0.0,      0.0

 2169.79,    0,      0.4,      0.1,    -9.79,      0.0,      0.0,      0.0

 2176.38,    0,      0.1,      0.5,    -9.81,      0.0,      0.0,      0.0

 2182.97,    0,      0.0,      0.0,    -9.83,      0.0,      0.0,      0.0

 2189.58,    0,      0.1,      0.1,    -9.82,      0.0,      0.0,      0.0

 2196.14,    0,      0.1,      0.0,    -9.81,      0.0,      0.0,      0.0

 2202.82,    0,      0.2,      0.0,    -9.76,      0.0,      0.0,      0.0

 2209.42,    0,      0.0,      0.2,    -9.81,      0.0,      0.0,      0.0

  2216.1,    0,      0.0,      0.5,    -9.80,      0.0,      0.0,      0.0

 2222.63,    0,      0.1,      0.2,    -9.81,      0.0,      0.0,      0.0

 2229.23,    0,      0.0,      0.6,    -9.83,      0.0,      0.0,      0.0

 2235.83,    0,      0.2,      0.2,    -9.83,      0.0,      0.0,      0.0

 2242.42,    0,      0.0,      0.1,    -9.82,      0.0,      0.0,      0.0

 2248.99,    0,      0.0,      0.0,    -9.80,      0.0,      0.0,      0.0

 2255.61,    0,      0.0,      0.1,    -9.79,      0.0,      0.0,      0.0

 2262.20,    0,      0.0,      0.0,    -9.79,      0.0,      0.0,      0.0

 2268.84,    0,      0.0,      0.0,    -9.81,      0.0,      0.0,      0.0

 2275.44,    0,      0.1,      0.1,    -9.79,      0.0,      0.0,      0.0

  2282.5,    0,      0.1,      0.5,    -9.79,      0.0,      0.0,      0.0

 2288.63,    0,      0.2,      0.0,    -9.82,      0.0,      0.0,      0.0

 2295.13,    0,      0.0,      0.1,    -9.84,      0.0,      0.0,      0.0

 2301.75,    0,      0.1,      0.3,    -9.81,      0.0,      0.0,      0.0

 2308.36,    0,      0.2,      0.2,    -9.83,      0.0,      0.0,      0.0

  2315.0,    0,      0.0,      0.1,    -9.83,      0.0,      0.0,      0.0

 2321.60,    0,      0.0,      0.0,    -9.79,      0.0,      0.0,      0.0

 2328.21,    0,      0.0,      0.2,    -9.83,      0.0,      0.0,      0.0

 2334.83,    0,      0.1,      0.0,    -9.79,      0.0,      0.0,      0.0

 2341.41,    0,      0.3,      0.2,    -9.80,      0.0,      0.0,      0.0

  2348.1,    0,      0.0,      0.7,    -9.81,      0.0,      0.0,      0.0

 2354.65,    0,      0.2,      0.1,    -9.78,      0.0,      0.0,      0.0

 2361.26,    0,      0.0,      0.0,    -9.83,      0.0,      0.0,      0.0

 2367.86,    0,      0.0,      0.1,    -9.79,      0.0,      0.0,      0.0

 2374.46,    0,      0.2,      0.1,    -9.79,      0.0,      0.0,      0.0

  2381.6,    0,      0.0,      0.0,    -9.79,      0.0,      0.0,      0.0

 2387.62,    0,      0.2,      0.0,    -9.83,      0.0,      0.0,      0.0

 2394.27,    0,      0.3,      0.1,    -9.83,      0.0,      0.0,      0.0

 2400.87,    0,      0.8,      0.1,    -9.82,      0.0,      0.0,      0.0

 2407.50,    0,      0.2,      0.1,    -9.83,      0.0,      0.0,      0.0

  2414.3,    0,      0.2,      0.1,    -9.79,      0.0,      0.0,      0.0

 2420.59,    0,      0.0,      0.0,    -9.82,      0.0,      0.0,      0.0

 2427.23,    0,      0.2,      0.1,    -9.83,      0.0,      0.0,      0.0

 2433.87,    0,      0.3,      0.2,    -9.80,      0.0,      0.0,      0.0

 2440.52,    0,      0.1,      0.1,    -9.80,      0.0,      0.0,      0.0

 2447.11,    0,      0.0,      0.2,    -9.82,      0.0,      0.0,      0.0

 2453.67,    0,      0.1,      0.4,    -9.81,      0.0,      0.0,      0.0

 2460.28,    0,      0.3,      0.1,    -9.83,      0.0,      0.0,      0.0

 2466.85,    0,      0.0,      0.2,    -9.81,      0.0,      0.0,      0.0

 2473.40,    0,      0.0,      0.0,    -9.82,      0.0,      0.0,      0.0

 2479.97,    0,      0.0,      0.0,    -9.81,      0.0,      0.0,      0.0

 2486.59,    0,      0.1,      0.0,    -9.81,      0.0,      0.0,      0.0

 2493.23,    0,      0.0,      0.3,    -9.81,      0.0,      0.0,      0.0

 2499.88,    0,      0.1,      0.2,    -9.79,      0.0,      0.0,      0.0

 2506.48,    0,      0.2,      0.0,    -9.83,      0.0,      0.0,      0.0

  2513.6,    0,      0.3,      0.0,    -9.82,      0.0,      0.0,      0.0

 2519.68,    0,      0.0,      0.4,    -9.83,      0.0,      0.0,      0.0

 2526.29,    0,      0.1,      0.0,    -9.81,      0.0,      0.0,      0.0

 2532.89,    0,      0.1,      0.1,    -9.80,      0.0,      0.0,      0.0

 2539.48,    0,      0.0,      0.0,    -9.79,      0.0,      0.0,      0.0

  2546.7,    0,      0.0,      0.1,    -9.81,      0.0,      0.0,      0.0

 2552.69,    0,      0.1,      0.0,    -9.80,      0.0,      0.1,      0.0

 2559.25,    0,      0.2,      0.1,    -9.82,      0.0,      0.0,      0.0

 2565.89,    0,      0.2,      0.1,    -9.83,      0.0,      0.0,      0.0

 2572.45,    0,      0.1,      0.1,    -9.80,      0.0,      0.0,      0.0

 2579.10,    0,      0.2,      0.2,    -9.83,      0.0,      0.0,      0.0

 2585.69,    0,      0.0,      0.0,    -9.80,      0.0,      0.0,      0.0

 2592.29,    0,      0.1,      0.2,    -9.76,      0.0,      0.0,      0.0

 2598.90,    0,      0.1,      0.3,    -9.75,      0.0,      0.0,      0.0

 2605.47,    0,      0.1,      0.0,    -9.80,      0.0,      0.0,      0.0

 2612.10,    0,      0.0,      0.3,    -9.83,      0.0,      0.0,      0.0

 2618.70,    0,      0.1,      0.1,    -9.79,      0.0,      0.0,      0.0

 2625.31,    0,      0.3,      0.0,    -9.77,      0.0,      0.0,      0.0

 2631.91,    0,      0.1,      0.0,    -9.78,      0.0,      0.0,      0.0

 2638.51,    0,      0.2,      0.2,    -9.80,      0.0,      0.0,      0.0

