----time, Mpow,     accX,     accY,     accZ,    gyroX,    gyroY,    gyroZ

     6.7,  768,      0.0,      0.0,    -9.83,      0.0,      0.0,      0.0

   11.90,  768,      0.2,      0.1,    -9.82,      0.0,      0.0,      0.0

   18.15,  768,     0.17,      0.2,    -9.77,      0.0,      0.0,      0.2

   24.66,  768,     0.22,     0.12,    -9.78,      0.0,      0.0,      0.5

   31.19,  768,     0.52,      0.6,    -9.81,      0.0,      0.0,      0.5

   37.78,  768,     1.18,     0.12,    -9.86,      0.1,      0.1,     0.28

   44.46,  768,    -3.40,     0.32,    -9.79,      0.0,      0.9,     0.52

    51.6,  768,     3.69,     0.72,    -8.99,     0.19,      0.8,     0.42

   57.65,  768,     -4.0,     1.11,   -10.27,     0.14,      0.9,      0.3

   64.33,  768,     5.71,    -2.14,    -7.10,     0.32,     0.17,     0.58

    71.4,  768,    -4.71,     0.23,   -10.38,     0.32,     0.42,     0.66

   77.64,  768,     1.47,     1.79,   -11.54,     0.30,     0.60,      0.4

   84.30,  768,     6.24,    -6.67,    -3.62,     0.42,     0.36,     0.68

   90.91,  768,    -3.66,    15.93,   -13.34,      2.6,     0.31,     0.56

   97.61,  768,    -5.72,     -7.4,    -3.13,    -1.97,     0.41,     0.69

  104.22,  768,    -1.10,   -11.93,     0.55,     -1.4,     0.11,     0.55

  110.81,  768,     6.53,     1.37,    -4.19,     0.58,     0.11,     0.81

  117.40,  768,     2.47,    13.98,   -22.60,     1.51,     0.27,     0.15

   124.9,  768,    -3.88,    12.79,   -22.84,     0.30,      0.2,     -1.8

  130.69,  768,    -6.18,    -7.62,      0.1,    -1.40,     0.10,     0.64

  137.20,  768,    -2.26,   -12.70,     2.10,    -1.42,      0.9,     0.53

  143.88,  768,     6.71,     -7.6,     1.16,     0.49,      0.8,     0.85

  150.36,  768,     7.96,     3.67,   -12.75,     0.96,     0.20,     0.69

   157.2,  768,      5.8,    10.58,   -19.26,     1.65,      0.5,     0.19

  163.64,  768,    -4.86,    10.63,   -20.66,     0.93,     0.11,     0.72

  170.22,  768,     -8.3,     5.51,   -14.13,     0.30,      0.9,     0.86

  176.80,  768,    -2.74,   -11.69,    -4.31,    -1.38,     0.11,     0.49

  183.50,  768,     0.43,   -13.70,     2.55,    -1.47,     0.10,     0.16

   190.9,  768,     4.12,   -13.64,     0.90,     0.83,      0.7,     0.75

  196.53,  768,     8.37,     3.48,   -12.51,     0.61,     0.17,     0.84

  203.14,  768,     5.97,     8.76,   -17.69,     1.58,      0.4,     0.31

  209.82,  768,     3.21,    11.63,   -23.45,      1.1,     0.16,     0.33

  216.49,  768,    -7.37,     9.97,   -18.78,     0.58,      0.3,     0.82

   223.2,  768,    -7.96,      1.1,    -9.64,     0.87,     0.10,     0.83

  229.56,  768,     -4.4,   -11.79,     2.10,    -1.35,     0.10,      0.5

  236.22,  768,     0.68,   -14.32,     3.69,    -1.38,     0.13,     0.33

  242.83,  768,     3.51,     -4.8,     0.76,     0.60,      0.8,     0.85

  249.34,  768,     7.73,     0.31,   -10.98,     0.99,      0.4,     0.54

  255.86,  768,     7.55,     9.22,   -17.79,     1.38,     0.24,     0.20

  262.64,  768,    -3.43,     15.8,   -21.49,     1.70,      0.1,     0.27

  269.24,  768,    -5.61,     8.51,   -18.86,     0.38,      0.4,     0.83

  275.82,  768,    -8.48,     6.75,   -15.10,     0.31,      0.5,     0.83

  282.42,  768,     -4.8,   -11.58,     3.37,    -1.52,     0.15,     0.42

  289.11,  768,    -1.76,   -12.70,     2.13,    -1.39,      0.2,     0.48

  295.71,  768,     2.85,    -8.14,     2.81,     0.79,     0.14,     0.74

  302.26,  768,      9.4,     0.69,   -10.39,     0.36,     0.24,     0.89

  308.76,  768,     6.63,      4.5,    -14.7,     1.55,      0.6,     0.38

  315.43,  768,     0.76,    13.40,   -23.67,     1.20,     0.22,     0.52

   322.4,  768,    -5.83,    13.94,   -22.80,     1.17,      0.3,     0.74

  328.72,  768,    -6.72,    -5.61,    -14.6,     0.71,      0.7,     0.92

  335.25,  768,    -6.64,     -8.5,     0.81,    -1.13,      0.3,     0.42

  341.78,  768,    -1.65,   -13.41,     4.35,    -1.18,     0.18,     0.45

  348.51,  768,     7.19,    -7.37,     1.32,     0.62,     0.13,     0.79

   355.5,  768,     7.38,    -5.12,    -6.85,     0.41,     0.16,     0.87

  361.64,  768,      9.8,    12.93,   -14.46,      1.9,     0.31,     0.46

  368.26,  768,    -1.62,    15.48,   -24.30,     1.56,      0.7,     0.45

  374.93,  768,    -3.22,    10.17,   -20.71,     0.27,      0.7,     0.80

  381.47,  768,    -9.23,     0.68,   -19.54,     0.10,      0.4,     0.56

  387.97,  768,     -5.9,   -10.16,     2.27,    -1.52,     0.21,     0.45

  394.71,  768,    -3.35,    -11.8,     0.66,    -1.38,     0.13,     0.50

  401.26,  768,     6.27,   -10.94,    -1.88,     0.55,     0.26,     0.79

  407.85,  768,     9.75,     0.57,    -9.32,     0.36,     0.38,     0.85

  414.36,  768,      1.2,    12.27,   -20.70,     1.70,     0.17,     0.31

   421.6,  768,     0.61,    12.59,    -23.9,     0.86,     0.16,     0.39

  427.60,  768,     -6.4,    15.33,   -23.12,      1.1,      0.5,     0.83

  434.27,  768,    -6.94,    -6.92,    -1.68,    -1.37,     0.19,     0.86

  440.93,  768,    -6.17,    -8.25,    -1.61,    -1.23,     0.10,     0.25

  447.55,  768,     0.85,   -12.31,     4.70,    -1.27,     0.29,     0.38

  454.14,  768,     8.50,    -5.29,    -5.46,     0.45,     0.31,     0.87

  460.67,  768,     6.46,    -2.79,    -8.93,     0.99,     0.21,     0.74

  467.25,  768,     3.27,     14.1,   -23.58,     1.21,     0.28,     0.20

  473.95,  768,    -3.98,    15.70,   -24.13,     1.59,      0.2,     0.54

  480.56,  768,    -5.30,      7.8,   -17.86,     0.50,      0.9,     0.92

   487.6,  768,    -7.56,    -5.21,    -3.37,     0.75,      0.8,     0.64

  493.61,  768,    -3.34,   -12.11,     3.89,    -1.51,     0.27,      0.0

  500.35,  768,     7.17,    -9.27,     1.33,     -1.9,     0.22,     0.63

  506.89,  768,     6.38,    -7.20,    -5.15,     0.33,     0.24,     0.90

  513.46,  768,     10.0,    12.85,   -13.10,      1.1,     0.30,     0.54

  520.15,  768,    -1.34,    14.98,   -23.67,     1.83,      0.6,      0.8

  526.76,  768,    -2.71,    10.80,   -21.51,     0.22,     0.26,     0.71

  533.37,  768,    -7.68,     0.19,   -19.61,     0.20,      0.8,     0.85

  539.79,  768,    -5.80,    -9.77,     1.64,    -1.51,     0.30,     0.48

  546.50,  768,    -3.39,   -11.30,     0.64,    -1.42,     0.17,     0.17

   553.8,  768,     5.76,   -10.98,    -1.34,     0.63,      0.1,     0.78

  559.67,  768,     9.44,    -1.96,    -8.33,     0.36,     0.33,     0.87

  566.27,  768,     1.23,    12.22,   -11.80,     1.52,     0.11,     0.43

  572.96,  768,     1.14,    13.81,   -23.71,     1.15,     0.19,     0.49

  579.59,  768,    -5.10,    15.40,   -23.81,      1.2,      0.4,     0.73

  586.16,  768,    -7.61,    -5.83,   -15.26,     -1.8,     0.18,     0.90

  592.78,  768,    -6.87,    -7.17,    -1.82,    -1.17,      0.6,     0.38

  599.31,  768,    -2.23,    -13.4,     4.48,    -1.37,     0.27,     0.51

  605.97,  768,     7.61,    -7.74,    -3.43,     0.71,     0.27,     0.81

  612.50,  768,     6.58,    -5.85,    -6.50,     0.52,     0.23,     0.87

   619.8,  768,     5.46,    13.46,   -14.12,     1.17,     0.31,     0.31

  625.79,  768,    -1.67,    15.55,   -23.93,     1.85,      0.3,     0.50

  632.39,  768,    -2.72,    10.76,   -21.58,      0.5,     0.27,     0.83

  638.92,  768,    -8.86,     0.19,    -7.85,     0.20,      0.7,     0.81

  645.40,  768,     -6.0,    -9.66,     1.68,    -1.56,     0.29,     0.34

   652.9,  768,     3.52,   -12.25,     0.76,    -1.37,     0.17,     0.32

  658.70,  768,     5.53,   -11.49,     0.95,     0.58,     0.24,      1.7

  665.29,  768,     9.32,    -2.89,    -7.62,     0.52,     0.31,     0.83

  671.89,  768,     2.21,    11.14,    -20.0,     1.64,     0.11,     0.34

  678.58,  768,      2.8,    14.11,   -23.81,      1.6,     0.15,     0.31

  685.16,  768,    -4.47,     8.29,   -24.30,     1.18,      0.5,     0.80

  691.78,  768,    -7.83,     -4.8,    -4.98,    -1.12,     0.17,     0.90

  698.38,  768,    -7.65,    -5.45,     -3.9,    -1.40,      0.6,     0.42

  704.91,  768,     2.59,    -14.5,     3.91,    -1.38,     0.28,     0.53

  711.59,  768,      6.8,    -10.6,    -1.63,     0.70,     0.25,     0.83

  718.11,  768,     6.59,     3.84,    -4.15,     0.52,     0.20,     0.87

  724.70,  768,     6.94,    11.99,   -20.94,     1.14,     0.29,     0.34

  731.40,  768,     0.12,     14.6,   -22.62,     1.85,      0.3,     0.18

   738.1,  768,    -6.68,     3.76,    -23.7,      0.2,      0.2,     -1.8

  744.54,  768,     -9.0,     4.68,   -12.54,      0.0,     0.11,     0.83

   751.5,  768,    -7.20,   -13.27,    -1.14,    -1.54,     0.29,     0.39

  757.73,  768,     0.92,   -12.83,     1.12,    -1.39,     0.16,     0.53

  764.34,  768,     4.16,   -13.31,     1.82,     0.69,     0.31,     0.76

  770.92,  768,    10.14,     5.36,    -4.51,     0.25,     0.36,     0.88

  777.51,  768,     3.85,     6.75,   -16.49,     1.55,     0.16,     0.44

  784.20,  768,      5.3,    13.74,    -23.5,      1.6,     0.18,     0.21

  790.79,  768,    -7.67,    12.36,   -20.52,      1.8,      0.3,     0.76

  797.41,  768,    -7.64,     0.27,    -9.54,     0.75,     0.22,     0.93

  803.85,  768,    -4.33,   -10.20,     -8.4,     -1.4,     0.11,     0.36

  810.54,  768,      0.2,   -14.13,     4.80,    -1.47,     0.34,     0.15

  817.12,  768,     3.57,    -12.6,     0.32,     0.85,     0.30,      1.5

  823.67,  768,     6.27,     -2.5,    -9.55,     0.47,     0.24,     0.89

  830.25,  768,     9.30,     8.72,   -17.65,      1.9,     0.33,     0.45

  836.95,  768,     2.33,    15.56,   -19.78,     1.84,      0.4,      0.6

  843.60,  768,    -4.57,     8.44,   -18.98,     0.21,      0.2,     0.73

  850.12,  768,    -8.46,     9.39,   -17.31,     0.17,      0.7,     0.87

  856.71,  768,    -4.75,   -11.41,     3.12,    -1.47,     0.28,     0.32

  863.41,  768,    -2.31,   -12.17,     1.35,    -1.40,     0.12,      0.1

   870.1,  768,     1.93,   -14.36,     3.86,     -1.6,     0.29,     0.59

  876.63,  768,     9.91,     0.39,    -9.16,      0.1,     0.31,     0.92

   883.7,  768,     5.51,     0.76,   -11.81,     1.33,     0.18,     0.58

  889.66,  768,     1.39,     14.0,   -23.89,     1.18,     0.26,     0.13

  896.42,  768,    -5.30,    15.33,   -23.66,     1.55,      0.0,     0.59

   903.2,  768,    -5.80,     5.75,   -16.45,     0.40,      0.8,     0.94

  909.55,  768,    -7.57,    -6.41,    -2.61,     0.85,      0.7,     0.61

  916.13,  768,    -3.16,   -12.64,     4.20,    -1.57,     0.30,     0.21

  922.82,  768,     0.52,    -9.47,     1.60,     0.92,     0.20,     0.54

  929.35,  768,     6.70,    -7.93,    -4.38,     0.19,     0.24,     0.91

  935.94,  768,     9.80,     2.14,   -11.17,     0.83,     0.32,     0.71

  942.54,  768,     0.16,    14.38,    -23.4,     1.76,      0.7,     0.16

  949.13,  768,     0.60,    13.27,   -23.72,     0.69,      0.9,     0.64

  955.67,  768,    -8.78,     4.35,   -22.81,     0.65,      0.3,     0.87

  962.34,  768,    -6.96,     -7.6,    -1.26,    -1.28,     0.20,     0.76

  968.96,  768,     -6.9,    -8.10,    -1.50,    -1.33,     0.13,     0.12

  975.63,  768,     4.10,   -13.62,     4.95,    -1.30,     0.31,     0.38

  982.25,  768,     8.12,    -6.88,    -3.96,     0.50,     0.28,     0.88

  988.76,  768,     6.55,     6.57,    -6.73,     0.86,     0.23,     0.80

  995.35,  768,     5.40,    13.52,   -22.92,     1.21,     0.31,     0.22

  1002.5,  768,    -1.64,    15.48,   -23.85,     1.78,      0.4,     0.38

 1008.66,  768,    -2.13,     1.35,   -22.46,      0.0,      0.4,     0.89

 1015.15,  768,     -9.9,     1.21,     -9.8,     0.36,      0.8,     0.76

 1021.67,  768,    -6.36,   -13.98,     0.72,    -1.60,     0.31,      0.5

 1028.34,  768,     2.28,    -13.9,     0.80,    -1.31,     0.17,     0.38

 1034.95,  768,     4.96,   -12.69,     0.78,     0.53,     0.29,     0.83

 1041.48,  768,     9.58,     6.53,    -5.17,     0.58,     0.34,     0.82

 1048.16,  768,     3.66,     8.52,   -17.85,     1.80,     0.12,     0.44

 1054.79,  768,     4.20,    14.26,   -23.80,     1.13,     0.20,     0.27

 1061.47,  768,    -7.97,    11.36,   -24.41,     1.22,      0.0,     0.74

 1068.13,  768,    -7.45,      0.5,    -9.51,     0.86,     0.14,     0.93

 1074.56,  768,    -8.91,   -10.98,    -6.96,    -1.12,      0.6,     0.45

 1081.26,  768,      0.8,   -14.28,     4.73,    -1.52,     0.29,      0.4

 1087.85,  768,     3.32,   -12.53,     0.43,     -1.2,     0.23,     0.70

 1094.45,  768,     6.61,    -2.46,    -8.80,     0.22,     0.26,     0.92

 1100.98,  768,     9.20,     7.93,   -16.37,      1.2,     0.32,     0.32

 1107.60,  768,     3.14,    15.95,    -19.1,     1.81,      0.7,     0.26

 1114.24,  768,    -3.57,    10.31,    -21.2,     0.69,      0.9,     0.67

 1120.78,  768,     -8.5,    10.85,    -19.9,     0.26,      0.4,     0.89

 1127.37,  768,    -5.46,    -9.95,     2.19,    -1.33,     0.20,     0.70

  1134.4,  768,    -3.88,   -11.35,     1.21,    -1.39,      0.8,      0.5

 1140.60,  768,     0.48,   -14.43,     4.64,    -1.15,     0.31,     0.54

 1147.26,  768,      9.3,     -4.9,    -6.48,     0.19,     0.53,     0.91

 1153.78,  768,     6.41,     -2.9,    -9.33,     0.91,     0.20,     0.77

 1160.33,  768,      3.8,    14.24,   -23.35,     1.22,     0.29,     0.10

  1167.6,  768,    -3.58,     16.3,   -24.60,     1.77,      0.3,     0.39

 1173.69,  768,    -3.84,     9.51,   -20.27,      0.3,      0.0,     0.90

 1180.19,  768,    -8.69,    -2.40,    -5.72,     0.51,      0.3,     0.77

 1186.78,  768,    -5.11,   -10.48,     2.29,    -1.59,     0.27,     0.34

 1193.47,  768,    -3.45,   -12.82,     1.37,    -1.42,     0.15,     0.27

 1200.10,  768,     5.71,   -11.84,     0.61,     0.74,     0.31,     0.76

 1206.58,  768,     9.19,    -3.28,    -6.95,     0.32,     0.30,     0.89

 1213.18,  768,     2.55,    10.14,   -19.24,     1.77,     0.17,     0.49

 1219.87,  768,     2.99,    13.94,   -23.88,      1.6,     0.22,     0.21

 1226.49,  768,    -3.75,    16.33,   -24.61,     1.46,      0.2,     0.70

 1233.16,  768,    -7.58,    -1.81,    -7.42,     0.80,     0.13,     0.95

 1239.68,  768,    -8.65,     -2.1,    -6.30,     0.81,     0.10,     0.32

 1246.19,  768,     0.77,   -14.54,      4.4,    -1.57,     0.34,      0.3

 1252.80,  768,      4.4,    -12.0,      0.4,     -1.6,     0.25,     0.69

 1259.33,  768,     5.29,    -1.92,     0.69,      0.0,     0.28,     0.91

 1265.89,  768,     9.48,     8.97,   -17.54,     1.23,     0.36,     0.62

 1272.61,  768,     2.43,     9.89,   -19.19,     1.76,     0.12,     0.16

 1279.27,  768,    -3.55,     9.88,   -24.46,     0.89,     0.14,     0.54

 1285.88,  768,    -8.32,    10.42,   -18.51,     0.52,      0.2,     0.86

 1292.50,  768,    -7.62,     0.25,    -9.14,     0.99,     0.16,     0.86

 1298.98,  768,     -4.6,   -11.17,     1.34,    -1.31,      0.7,     0.27

 1305.62,  768,     0.15,   -14.45,     4.80,    -1.36,     0.24,     0.31

 1312.28,  768,     2.93,    -5.52,     0.72,     0.86,     0.20,      1.8

 1318.81,  768,     6.63,    -3.48,    -8.15,     0.48,     0.24,     0.88

 1325.42,  768,     9.57,     7.12,   -15.80,      1.1,     0.32,     0.49

  1332.4,  768,    -2.46,    16.10,   -24.54,     1.94,      0.8,      0.9

 1338.69,  768,    -2.76,     9.96,    -21.4,     0.35,      0.5,     0.73

 1345.23,  768,    -7.71,     1.58,   -21.45,     0.43,     0.11,     0.87

 1351.82,  768,    -6.31,    -9.15,     1.15,    -1.64,     0.30,     0.68

 1358.48,  768,    -5.30,    -9.23,    -1.17,    -1.31,     0.18,     0.10

 1365.10,  768,      4.2,   -13.37,     5.30,     0.96,     0.36,     0.75

 1371.63,  768,     8.94,    -5.58,    -4.48,     0.29,     0.38,     0.92

 1378.23,  768,     6.19,     -6.3,    -6.80,     0.87,     0.26,     0.79

 1384.80,  768,     5.50,    13.26,   -23.13,     1.10,      0.0,     0.15

 1391.50,  768,    -1.65,    15.28,   -23.39,     1.89,      0.1,     0.34

 1398.13,  768,    -1.72,     1.76,   -22.31,      0.0,      0.7,     0.87

 1404.65,  768,     -9.4,     3.66,   -11.74,     0.11,     0.13,     0.82

 1411.24,  768,    -7.16,    -7.96,     0.13,    -1.54,     0.31,     0.46

 1417.82,  768,     1.13,   -12.73,     1.18,    -1.39,     0.21,     0.24

 1424.51,  768,     3.83,   -13.91,     2.61,     0.64,     0.35,     0.66

  1431.5,  768,     8.21,      4.6,    -3.39,      0.4,     0.36,     0.92

 1437.56,  768,     4.40,     3.47,    -14.4,     1.40,     0.20,     0.58

 1444.26,  768,     6.97,    12.44,   -21.93,      1.5,     0.22,     0.26

 1450.93,  768,    -6.28,     16.1,   -22.16,     1.81,      0.5,     0.53

 1457.53,  768,    -6.98,     3.52,   -13.72,     0.39,     0.18,     0.92

 1464.11,  768,     -9.5,    -6.44,    -15.9,     0.22,     0.18,     0.76

 1470.63,  768,    -2.94,   -12.90,      5.2,    -1.60,     0.29,     0.25

 1477.32,  768,      0.5,   -11.89,     0.54,    -1.28,     0.25,     0.36

 1483.84,  768,     6.23,    -9.52,    -3.49,     0.47,     0.29,     0.83

 1490.45,  768,    10.78,     1.89,   -11.27,     0.34,     0.31,     0.88

  1497.6,  768,     5.16,     0.30,   -11.99,     1.51,     0.21,     0.48

 1503.65,  768,     0.95,    12.70,   -23.10,     0.88,      0.9,     0.46

 1510.24,  768,    -5.11,    16.44,   -23.75,     1.39,      0.9,     0.68

 1516.92,  768,    -8.39,    -4.55,   -16.61,     0.73,     0.23,     0.94

 1523.52,  768,    -7.61,    -2.59,    -6.49,     0.76,     0.20,     0.66

  1530.4,  768,    -4.64,   -11.45,      4.7,    -1.60,     0.34,      0.7

 1536.67,  768,     5.47,   -10.49,     0.93,    -1.15,     0.26,     0.59

 1543.27,  768,     5.52,   -11.53,     -1.7,     0.23,     0.30,     0.91

 1549.85,  768,      9.2,     9.62,    -8.27,     0.60,     0.34,     0.80

 1556.46,  768,     1.96,     9.39,   -18.88,     1.68,     0.10,      0.6

  1563.6,  768,      3.3,    13.78,   -23.93,     0.84,      0.6,     0.35

 1569.65,  768,    -7.89,     12.0,   -19.40,      1.6,     0.10,     -1.7

 1576.33,  768,    -8.28,    -1.57,     -8.5,     0.93,     0.24,     0.92

 1582.85,  768,    -8.49,   -10.61,    -8.43,     -1.1,     0.16,     0.46

 1589.48,  768,     0.10,   -14.42,     5.38,    -1.56,     0.26,      0.8

 1596.14,  768,     3.14,   -12.12,     0.48,     -1.7,     0.28,     0.64

 1602.68,  768,     6.12,    -4.98,    -7.51,      0.4,     0.26,     0.91

 1609.26,  768,    10.30,     6.60,   -15.35,     0.78,     0.28,     0.70

 1615.89,  768,     3.50,    15.46,   -15.91,      2.8,      0.6,     0.18

 1622.53,  768,    -2.41,    10.74,    -22.1,     0.68,      0.0,     0.75

  1629.6,  768,    -6.78,     15.6,   -22.17,      1.5,     0.15,     0.87

 1635.69,  768,    -7.45,    -7.80,   -12.36,    -1.35,     0.27,     0.89

 1642.35,  768,     -6.4,    -7.34,    -2.86,     0.97,     0.19,     0.45

 1648.86,  768,    -2.59,    -13.2,     5.40,    -1.44,     0.35,     0.19

 1655.49,  768,     7.95,    -7.98,    -2.78,     0.80,     0.29,     0.75

  1662.9,  768,      6.2,    -8.78,    -3.83,     0.18,     0.25,     0.94

 1668.67,  768,     8.40,     12.7,   -10.93,     0.91,     0.27,     0.66

 1675.26,  768,     0.92,    12.72,   -21.55,      2.8,     0.25,     0.12

 1681.94,  768,     1.20,    13.81,   -24.24,     0.49,      0.3,     0.81

 1688.49,  768,    -8.21,     8.42,   -15.93,     0.94,     0.15,     0.89

 1695.10,  768,    -8.65,    -3.13,    -5.26,     -1.4,     0.31,     0.83

 1701.76,  768,    -7.92,    -12.8,    -5.65,    -1.16,     0.14,     0.43

 1708.37,  768,     0.35,   -14.63,     4.68,    -1.52,     0.30,     0.15

 1714.96,  768,     4.27,    -12.7,     0.49,     0.63,     0.16,     0.71

 1721.47,  768,     6.41,    -2.68,     -9.9,     0.20,     0.15,     0.90

  1728.2,  768,     9.70,     7.65,   -16.31,      1.9,     0.23,     0.55

 1734.71,  768,     3.90,    15.52,   -17.85,     1.78,      0.4,     0.18

 1741.38,  768,     -3.7,    11.63,   -22.70,     0.86,      0.0,     0.55

 1747.89,  768,    -6.29,    13.36,    -21.0,     0.55,     0.13,     0.90

 1754.49,  768,    -7.61,    -7.83,   -12.38,    -1.12,     0.26,     0.82

 1761.17,  768,    -5.91,    -9.54,     0.61,    -1.24,      0.6,     0.42

 1767.69,  768,    -2.82,   -13.49,     4.41,    -1.48,     0.26,     0.27

 1774.38,  768,     6.84,    -9.52,    -1.86,     0.65,      0.9,     0.73

 1780.92,  768,     6.84,    -7.59,    -3.94,     0.18,     0.12,     0.94

 1787.50,  768,     6.86,    11.76,    -9.92,      1.2,     0.22,     0.66

 1794.17,  768,      2.0,    13.69,   -22.85,     1.72,      0.3,     0.11

 1800.78,  768,     0.82,    14.89,    -25.5,      1.4,      0.5,     0.52

 1807.30,  768,    -7.83,     7.48,   -15.32,     0.62,     0.13,     0.91

 1813.90,  768,    -8.45,    -1.69,    -6.66,     0.99,     0.21,     0.82

 1820.50,  768,    -2.91,    -13.6,    -4.15,    -1.37,      0.2,     0.35

 1827.13,  768,     0.27,   -14.73,      4.5,    -1.52,     0.22,     0.26

 1833.78,  768,     3.52,   -13.48,     1.55,     0.86,      0.5,     0.77

 1840.31,  768,     7.53,    -1.18,    -10.6,     0.45,      0.8,     0.93

 1846.89,  768,     8.27,     6.17,   -15.32,     1.14,     0.14,     0.62

 1853.59,  768,      5.3,     10.7,   -19.43,     1.63,      0.9,      0.5

 1860.17,  768,    -3.29,    14.43,   -23.75,     1.28,      0.8,     0.56

 1866.80,  768,    -6.38,    10.51,   -19.19,     0.38,      0.1,     0.90

 1873.38,  768,    -7.26,     -7.0,   -13.66,     0.72,      0.7,     0.78

 1879.89,  768,    -5.38,   -11.34,      2.9,    -1.53,     0.11,      0.2

 1886.51,  768,    -2.64,   -13.65,     3.37,    -1.45,      0.8,     0.33

 1893.19,  768,     6.42,   -10.21,    -1.38,     0.75,      0.4,     0.80

 1899.72,  768,     7.97,    -5.22,    -5.77,     0.28,      0.6,     0.91

 1906.32,  768,     4.80,     12.9,   -10.23,     1.51,      0.6,     0.32

 1912.99,  768,     2.35,    15.24,   -24.58,     1.59,     0.13,      0.1

 1919.61,  768,     0.98,     16.4,   -25.44,     1.26,      0.5,     0.60

 1926.18,  768,    -7.94,     3.32,   -11.76,      0.0,      0.2,     0.92

 1932.71,  768,    -8.36,     -2.0,     -6.6,     0.96,      0.8,     0.75

 1939.23,  768,    -1.60,   -14.24,     3.50,    -1.56,     0.10,     0.15

  1946.0,  768,     1.31,   -14.63,     3.23,    -1.51,     0.12,     0.28

 1952.61,  768,     4.19,   -13.43,     1.27,     0.69,      0.4,     0.82

 1959.14,  768,     8.17,     1.69,   -11.45,     0.64,      0.3,     0.90

 1965.72,  768,     6.93,     7.15,   -16.61,     1.39,      0.8,     0.28

 1972.39,  768,      5.3,    16.13,   -21.71,     1.61,     0.13,      0.5

  1979.0,  768,    -4.49,    13.69,   -22.76,     1.21,     0.10,     0.62

 1985.63,  768,    -6.74,     8.92,   -17.65,     0.15,      0.0,     0.91

 1992.19,  768,    -6.74,    -7.90,    -12.6,    -1.12,      0.7,     0.72

 1998.80,  768,    -4.75,    -12.9,     2.51,    -1.57,     0.12,     0.20

 2005.41,  768,    -1.95,   -14.22,     3.74,    -1.39,      0.8,     0.41

  2012.2,  768,      7.2,     -9.2,    -2.42,     0.64,      0.0,     0.84

 2018.46,  768,     7.84,    -4.43,    -6.47,     0.57,      0.4,     0.87

  2025.6,  768,     4.46,    13.24,   -22.28,     1.41,     0.10,     0.44

 2031.83,  768,     1.61,    15.53,   -25.21,     1.61,     0.12,      0.9

 2038.44,  768,    -1.45,    15.84,   -25.42,     1.18,     0.10,     0.66

 2045.12,  768,    -8.22,     2.26,   -22.97,     0.13,      0.0,     0.93

 2051.61,  768,    -8.18,    -2.83,    -5.25,    -1.16,      0.7,     0.71

 2058.22,  768,    -6.96,   -14.51,     0.53,    -1.54,     0.14,      0.0

 2064.81,  768,     1.86,   -14.50,     2.79,    -1.37,      0.7,     0.43

 2071.43,  768,     4.50,   -12.99,     0.95,     0.60,      0.0,     0.86

 2077.93,  768,      8.3,     2.40,   -12.24,     0.62,      0.4,     0.86

 2084.48,  768,     6.75,      8.4,   -17.51,     1.42,      0.8,     0.42

 2091.15,  768,     4.60,    15.51,   -22.25,     1.59,     0.12,     0.20

 2097.84,  768,    -4.76,     13.8,   -22.18,     1.11,      0.7,     0.67

 2104.44,  768,    -6.87,     8.68,   -17.30,     0.13,      0.1,     0.93

  2111.3,  768,    -6.63,    -8.60,   -11.30,     0.93,      0.6,     0.77

 2117.56,  768,    -4.52,   -12.38,     2.74,    -1.57,     0.12,     0.18

 2124.24,  768,    -1.59,   -14.23,     3.57,    -1.17,     0.10,     0.44

 2130.91,  768,     6.93,    -8.82,    -2.53,     0.71,      0.3,     0.81

 2137.37,  768,     8.16,    -3.69,    -6.96,     0.47,      0.6,     0.89

 2143.94,  768,     4.29,    13.24,   -11.61,     1.41,     0.10,     0.43

 2150.66,  768,     1.44,    15.72,   -25.28,     1.62,     0.13,     0.10

 2157.34,  768,    -1.63,    15.62,   -25.23,     1.11,      0.8,     0.66

 2163.87,  768,    -8.27,     2.27,   -10.51,     0.14,      0.0,     0.92

 2170.43,  768,    -8.18,    -3.16,     -5.4,     -1.6,      0.7,     0.70

 2176.98,  768,     0.76,   -14.52,     0.49,    -1.56,     0.10,     0.17

 2183.57,  768,     1.90,   -14.50,     2.88,    -1.38,     0.11,     0.45

 2190.24,  768,     4.53,   -12.94,     0.94,     0.59,      0.7,     0.87

 2196.75,  768,     8.15,     2.74,   -12.44,     0.65,      0.4,     0.85

 2203.35,  768,     6.53,      8.2,   -17.44,     1.43,      0.9,     0.41

 2209.98,  768,     4.48,    15.64,   -22.50,     1.60,     0.13,     0.22

 2216.66,  768,    -4.93,    12.77,   -21.75,      1.7,      0.8,     0.68

 2223.28,  768,     -7.1,     8.33,   -16.83,     0.17,      0.1,     0.92

 2229.79,  768,    -6.52,    -9.18,     0.77,    -1.13,     0.12,     0.68

 2236.37,  768,    -4.25,   -12.72,     2.90,    -1.59,     0.12,     0.12

  2243.5,  768,    -1.18,   -14.56,     3.74,    -1.33,     0.10,     0.48

 2249.66,  768,     7.23,    -8.17,     -3.4,     0.48,      0.1,     0.88

 2256.18,  768,     8.12,     -3.5,    -7.50,     0.56,      0.6,     0.83

 2262.78,  768,     3.80,    13.77,   -23.40,     1.46,     0.11,     0.37

 2269.49,  768,     0.84,    15.71,   -25.21,     1.58,     0.11,     0.15

  2276.8,  768,    -2.22,    15.68,   -25.10,     0.79,      0.7,     0.71

 2282.58,  768,    -8.24,     1.10,    -9.14,     0.17,      0.2,     0.92

 2289.19,  768,    -7.95,    -4.36,    -3.92,    -1.17,     0.10,     0.65

 2295.87,  768,    -6.43,   -14.66,     0.21,    -1.59,     0.13,      0.8

 2302.41,  768,     2.62,   -14.34,     2.56,    -1.28,      0.8,     0.79

  2309.9,  768,     5.37,   -11.95,     0.21,     0.40,      0.0,     0.89

 2315.52,  768,     7.57,     3.83,   -13.70,     0.81,      0.6,     0.81

 2322.18,  768,     6.26,     9.97,   -19.29,     1.49,     0.12,     0.31

 2328.88,  768,     3.53,     15.4,   -23.30,     1.31,     0.11,     0.50

 2335.49,  768,    -5.56,    11.74,   -20.45,     0.95,      0.9,     0.75

  2342.7,  768,    -7.42,     6.56,   -14.90,     0.10,     0.28,     0.92

 2348.66,  768,    -5.94,   -10.59,      1.7,    -1.26,     0.11,     0.60

 2355.27,  768,    -3.24,   -13.49,     3.32,    -1.59,     0.11,      0.2

 2361.87,  768,      0.8,   -14.80,     3.83,    -1.22,      0.8,     0.57

 2368.47,  768,     7.75,    -6.27,    -4.81,     0.31,      0.1,     0.90

 2374.99,  768,     8.19,     0.98,    -9.37,     0.90,      0.8,     0.76

 2381.50,  768,     2.88,     15.4,   -24.50,     1.59,     0.13,     0.13

 2388.29,  768,     0.48,     16.6,   -25.81,     1.55,     0.12,     0.31

 2394.87,  768,    -3.38,    14.62,   -24.11,     0.68,      0.7,     0.84

 2401.46,  768,    -8.34,    -1.52,    -6.60,     0.44,      0.4,     0.89

 2407.99,  768,    -7.22,    -6.57,    -1.56,    -1.33,     0.10,     0.53

 2414.68,  768,     0.62,   -14.86,     1.78,    -1.57,     0.12,      0.7

 2421.28,  768,     3.80,   -13.60,     1.69,    -1.11,      0.6,     0.65

 2427.90,  768,     6.35,   -10.28,    -1.26,     0.13,      0.2,     0.92

 2434.48,  768,     6.93,     6.77,   -16.38,     0.92,      0.8,     0.76

  2441.4,  768,      5.4,    12.13,   -21.47,     1.59,     0.14,     0.15

 2447.71,  768,     2.23,     14.3,   -24.74,     1.48,     0.12,     0.39

 2454.30,  768,    -6.55,     9.33,    -18.5,     0.69,      0.6,     0.84

 2460.83,  768,    -7.99,     3.68,   -11.99,     0.83,      0.3,     0.87

 2467.41,  768,    -4.69,   -12.23,     2.74,    -1.69,     0.13,     0.46

 2474.10,  768,    -1.69,   -14.29,     3.71,    -1.55,      0.8,     0.14

 2480.70,  768,     1.28,   -14.79,     3.30,     -1.3,      0.7,     0.70

 2487.31,  768,     8.17,    -3.51,     -7.1,      0.3,      0.3,     0.92

 2493.82,  768,      8.2,     1.47,   -11.48,     1.13,      0.4,     0.66

 2500.45,  768,     1.51,    15.78,   -25.39,     1.60,     0.12,      0.8

 2507.12,  768,    -1.81,    15.76,   -25.46,     1.47,     0.11,     0.44

 2513.77,  768,    -4.41,    13.20,   -22.46,     0.28,      0.4,     0.87

 2520.31,  768,    -7.99,    -3.11,    -4.95,     0.59,      0.0,     0.85

 2526.84,  768,    -6.84,    -8.63,     0.19,    -1.49,     0.16,     0.42

 2533.43,  768,     1.53,   -14.51,     2.45,    -1.54,      0.8,     0.46

 2540.10,  768,     4.79,   -12.68,     0.66,     0.97,     0.11,     0.73

 2546.63,  768,     6.91,    -8.96,    -2.66,     0.23,      0.3,     0.92

 2553.21,  768,     6.57,     8.78,    -18.9,     1.18,     0.10,     0.63

 2559.90,  768,     4.14,    13.24,   -22.58,     1.58,     0.10,      0.4

 2566.52,  768,     1.54,    12.12,   -25.45,     1.41,     0.10,     0.75

 2573.14,  768,    -7.15,     7.82,   -16.52,     0.28,      0.4,     0.87

 2579.63,  768,    -8.10,     2.41,   -10.65,     0.68,      0.4,     0.57

 2586.23,  768,     -4.5,   -12.53,     3.11,    -1.47,     0.14,     0.41

 2592.91,  768,     -1.5,   -14.60,     3.88,    -1.52,     0.11,     0.20

 2599.51,  768,     1.86,    -8.46,     2.82,     0.96,      0.4,     0.74

  2606.5,  768,      8.9,     -3.7,    -7.48,     0.20,      0.0,     0.94

 2612.54,  768,     8.16,     2.62,   -12.24,     1.28,      0.8,     0.55

 2619.31,  768,     0.84,    15.69,   -25.77,     1.63,     0.12,      0.4

 2625.94,  768,    -1.97,    15.58,   -25.44,     1.29,     0.12,     0.56

 2632.61,  768,    -4.87,     13.3,   -22.11,     0.53,      0.1,     0.87

 2639.11,  768,    -7.93,    -3.88,    -4.31,     0.70,      0.4,     0.83

